2.0 3.96536939396e-05
3.0 3.98770133674e-05
4.0 0.0
5.0 3.90064201925e-05
6.0 3.93809260733e-05
7.0 3.96250048182e-05
8.0 3.92100601532e-05
9.0 3.98488422089e-05
10.0 4.11865812969e-05
11.0 4.07812440151e-05
12.0 4.12447800413e-05
13.0 4.02886577435e-05
14.0 4.17203339064e-05
15.0 4.33264173718e-05
16.0 4.33984597929e-05
17.0 4.39032703024e-05
18.0 4.27548952246e-05
19.0 4.29002764582e-05
20.0 4.24662467094e-05
21.0 4.25424672062e-05
22.0 4.25860020703e-05
23.0 4.32359332952e-05
24.0 4.49529654182e-05
25.0 4.75242677319e-05
26.0 4.59524528583e-05
27.0 4.50807532642e-05
28.0 4.44933421928e-05
29.0 4.50717805744e-05
30.0 4.46959576525e-05
31.0 4.52347934639e-05
32.0 4.5409865881e-05
33.0 4.56642440112e-05
34.0 4.816521336e-05
35.0 4.54437874914e-05
36.0 4.80191087789e-05
37.0 4.90618943029e-05
38.0 4.70272675643e-05
39.0 4.77512045309e-05
40.0 4.7552133298e-05
41.0 4.82806258717e-05
42.0 4.88572760168e-05
43.0 5.07958269366e-05
44.0 4.84751114518e-05
45.0 4.96903232129e-05
46.0 4.98591491561e-05
47.0 4.89796392822e-05
48.0 4.90292319344e-05
49.0 4.92926161575e-05
50.0 4.97405366906e-05
100.0 6.09841905408e-05
1000.0 0.000222474902846
10000.0 0.00174860072375
100000.0 0.0163372001953
150000.0 0.0243716526278
