2.0 3.82031452741e-05
3.0 3.85131915538e-05
4.0 0.0
5.0 3.93677200418e-05
6.0 3.97101918384e-05
7.0 3.95670306527e-05
8.0 4.00336529814e-05
9.0 4.11625361236e-05
10.0 4.10857778011e-05
11.0 4.100186679e-05
12.0 4.23333466635e-05
13.0 4.15831000075e-05
14.0 4.13207409191e-05
15.0 4.21818256212e-05
16.0 4.17119060634e-05
17.0 4.29838698844e-05
18.0 4.35490856691e-05
19.0 4.51877017163e-05
20.0 4.43554506978e-05
21.0 4.39960991218e-05
22.0 4.45355371913e-05
23.0 4.57234171406e-05
24.0 4.49476686882e-05
25.0 4.50685956596e-05
26.0 4.55311522749e-05
27.0 4.60432192184e-05
28.0 4.61764818607e-05
29.0 4.62901269601e-05
30.0 4.80517578396e-05
31.0 4.74478947425e-05
32.0 4.7019196132e-05
33.0 4.88065575122e-05
34.0 4.80245982857e-05
35.0 4.75503046786e-05
36.0 4.8059094031e-05
37.0 4.81744239423e-05
38.0 4.88520098056e-05
39.0 4.83786585122e-05
40.0 4.96746472559e-05
41.0 5.04598053409e-05
42.0 4.98351346226e-05
43.0 5.20447645197e-05
44.0 5.10778898025e-05
45.0 5.09149429929e-05
46.0 5.07099079169e-05
47.0 5.12080630465e-05
48.0 5.07709587166e-05
49.0 5.08188518955e-05
50.0 5.19543934401e-05
100.0 6.42425606216e-05
1000.0 0.000274812559446
10000.0 0.00209917709596
100000.0 0.0187291248113
150000.0 0.0277152465889
