2.0 9.65472085129e-06
3.0 4.38850947787e-06
4.0 3.51080758226e-06
5.0 3.51080758226e-06
6.0 3.51080758232e-06
7.0 3.51080758232e-06
8.0 3.21824028376e-06
9.0 3.21824028376e-06
10.0 2.22351146879e-05
11.0 1.81391725085e-05
12.0 1.8431739807e-05
13.0 1.98945762996e-05
14.0 1.87243071055e-05
15.0 1.8431739807e-05
16.0 2.01871435981e-05
17.0 3.04269990465e-05
18.0 2.98418644495e-05
19.0 3.04269990465e-05
20.0 3.04269990465e-05
21.0 3.27675374348e-05
22.0 2.36979511805e-05
23.0 3.48155085244e-05
24.0 3.48155085244e-05
25.0 3.51080758229e-05
26.0 3.51080758229e-05
27.0 3.83263161067e-05
28.0 3.80337488082e-05
29.0 3.86188834052e-05
30.0 4.12519890919e-05
31.0 3.86188834052e-05
32.0 4.38850947786e-05
33.0 5.00290080477e-05
34.0 4.2422258286e-05
35.0 2.98418644495e-05
36.0 4.38850947787e-05
37.0 7.37269592281e-05
38.0 5.44175175256e-05
39.0 5.73431905108e-05
40.0 4.59330658683e-05
41.0 5.67580559137e-05
42.0 5.06141426447e-05
43.0 5.99762961975e-05
44.0 6.0268863496e-05
45.0 5.85134597049e-05
46.0 3.59857777185e-05
47.0 6.87533151532e-05
48.0 6.69979113621e-05
49.0 7.13864208399e-05
50.0 4.62256331668e-05
100.0 0.000151257293337
1000.0 0.00148858241489
10000.0 0.0154428722853
100000.0 0.165446514748
150000.0 0.255642964912
