2.0 9.06958625424e-06
3.0 4.38850947793e-06
4.0 3.80337488082e-06
5.0 3.21824028382e-06
6.0 3.21824028371e-06
7.0 3.51080758232e-06
8.0 3.21824028371e-06
9.0 3.21824028371e-06
10.0 2.22351146879e-05
11.0 1.81391725085e-05
12.0 1.90168744041e-05
13.0 2.04797108967e-05
14.0 1.8431739807e-05
15.0 1.8431739807e-05
16.0 1.98945762996e-05
17.0 2.22351146878e-05
18.0 5.70506232123e-05
19.0 6.0268863496e-05
20.0 5.90985943019e-05
21.0 6.17316999886e-05
22.0 4.2422258286e-05
23.0 3.569321042e-05
24.0 2.63310568672e-05
25.0 2.42830857775e-05
26.0 3.5108075823e-05
27.0 3.71560469126e-05
28.0 3.80337488082e-05
29.0 3.89114507038e-05
30.0 3.94965853008e-05
31.0 3.97891525993e-05
32.0 4.1837123689e-05
33.0 4.1837123689e-05
34.0 3.13047009421e-05
35.0 3.0134431748e-05
36.0 4.27148255845e-05
37.0 4.50553639727e-05
38.0 4.65182004653e-05
39.0 4.56404985698e-05
40.0 5.55877867197e-05
41.0 6.17316999887e-05
42.0 4.97364407491e-05
43.0 4.97364407491e-05
44.0 3.74486142111e-05
45.0 3.51080758229e-05
46.0 5.85134597049e-05
47.0 6.90458824517e-05
48.0 6.72904786605e-05
49.0 6.93384497502e-05
50.0 7.2556690034e-05
100.0 0.000148331620352
1000.0 0.00151374320256
10000.0 0.016655856305
100000.0 0.160373397792
150000.0 0.232232022251
