2.0 1.43357976277e-05
3.0 4.38850947786e-06
4.0 4.09594217934e-06
5.0 4.09594217934e-06
6.0 4.09594217934e-06
7.0 4.09594217934e-06
8.0 3.80337488082e-06
9.0 3.80337488082e-06
10.0 2.69161914642e-05
11.0 1.93094417026e-05
12.0 2.04797108967e-05
13.0 2.16499800908e-05
14.0 2.01871435982e-05
15.0 2.01871435982e-05
16.0 2.19425473893e-05
17.0 3.27675374347e-05
18.0 3.24749701362e-05
19.0 2.34053838819e-05
20.0 3.27675374347e-05
21.0 2.34053838819e-05
22.0 2.63310568672e-05
23.0 3.74486142111e-05
24.0 3.80337488082e-05
25.0 3.74486142111e-05
26.0 3.86188834052e-05
27.0 4.15445563904e-05
28.0 4.06668544949e-05
29.0 4.12519890919e-05
30.0 4.44702293757e-05
31.0 4.1837123689e-05
32.0 4.62256331668e-05
33.0 5.52952194211e-05
34.0 4.59330658683e-05
35.0 3.33526720318e-05
36.0 4.73959023609e-05
37.0 6.14391326901e-05
38.0 5.79283251078e-05
39.0 5.96837288989e-05
40.0 5.11992772417e-05
41.0 6.14391326901e-05
42.0 5.55877867196e-05
43.0 3.97891525993e-05
44.0 6.26094018842e-05
45.0 7.10938535414e-05
46.0 6.52425075709e-05
47.0 7.2556690034e-05
48.0 7.22641227355e-05
49.0 7.78229014075e-05
50.0 5.06141426447e-05
100.0 0.000176125513712
1000.0 0.00146517703101
10000.0 0.017686863465
100000.0 0.171062051476
150000.0 0.246333473473
