2.0 1.2287826538e-05
3.0 6.14391326901e-06
4.0 6.14391326901e-06
5.0 1.2287826538e-05
6.0 1.37506630306e-05
7.0 1.14101246424e-05
8.0 1.37506630306e-05
9.0 9.06958625425e-06
10.0 1.46283649262e-05
11.0 1.34580957321e-05
12.0 1.69689033144e-05
13.0 2.42830857775e-05
14.0 1.63837687174e-05
15.0 1.90168744041e-05
16.0 1.8431739807e-05
17.0 3.27675374347e-05
18.0 1.25803938365e-05
19.0 2.28202492849e-05
20.0 2.4575653076e-05
21.0 2.86715952554e-05
22.0 1.31655284336e-05
23.0 3.15972682406e-05
24.0 3.45229412259e-05
25.0 3.51080758229e-05
26.0 3.569321042e-05
27.0 1.93094417026e-05
28.0 4.59330658683e-05
29.0 3.15972682406e-05
30.0 3.77411815096e-05
31.0 4.35925274801e-05
32.0 4.59330658683e-05
33.0 4.32999601816e-05
34.0 3.0134431748e-05
35.0 3.68634796141e-05
36.0 5.4124950227e-05
37.0 6.29019691827e-05
38.0 3.36452393303e-05
39.0 2.16499800908e-05
40.0 4.47627966742e-05
41.0 4.71033350624e-05
42.0 7.8115468706e-05
43.0 3.569321042e-05
44.0 4.27148255845e-05
45.0 4.2422258286e-05
46.0 5.17844118388e-05
47.0 4.41776620772e-05
48.0 9.33289682292e-05
49.0 1.87243071056e-05
50.0 7.66526322134e-05
100.0 0.000148039053053
1000.0 0.00188969218117
10000.0 0.00819363976247
100000.0 0.160881587189
150000.0 0.145534384411
