2.0 5.55877867203e-06
3.0 7.02161516442e-06
4.0 8.77701895563e-06
5.0 8.77701895585e-06
6.0 1.11175573438e-05
7.0 1.11175573441e-05
8.0 1.34580957323e-05
9.0 1.43357976277e-05
10.0 1.75540379115e-05
11.0 2.54533549717e-05
12.0 2.77938933597e-05
13.0 2.10648454939e-05
14.0 2.36979511805e-05
15.0 2.63310568671e-05
16.0 2.95492971509e-05
17.0 2.89641625539e-05
18.0 3.18898355391e-05
19.0 3.30601047334e-05
20.0 3.65709123156e-05
21.0 3.7448614211e-05
22.0 4.12519890918e-05
23.0 4.27148255846e-05
24.0 4.65182004654e-05
25.0 4.82736042566e-05
26.0 5.20769791374e-05
27.0 5.35398156298e-05
28.0 5.79283251079e-05
29.0 6.02688634961e-05
30.0 6.43648056753e-05
31.0 6.58276421679e-05
32.0 7.08012862429e-05
33.0 7.22641227355e-05
34.0 7.7530334109e-05
35.0 8.01634397956e-05
36.0 8.48445165722e-05
37.0 8.71850549602e-05
38.0 9.24512663336e-05
39.0 9.47918047218e-05
40.0 0.000103861390976
41.0 0.000102691121782
42.0 0.000109712736947
43.0 0.000110883006141
44.0 0.00011702691941
45.0 0.000136921495709
46.0 0.000125803938365
47.0 0.000128144476754
48.0 0.000135166091918
49.0 0.000138091764903
50.0 0.000144235678172
100.0 0.000488587388535
1000.0 0.0502182990898
10000.0 4.81144798285
100000.0 496.578713623
150000.0 1076.71339054
