2.0 5.85134597048e-06
3.0 5.55877867192e-06
4.0 7.89931706019e-06
5.0 1.2287826538e-05
6.0 1.40432303292e-05
7.0 7.89931706019e-06
8.0 1.28729611351e-05
9.0 1.08249900454e-05
10.0 1.60912014188e-05
11.0 1.55060668218e-05
12.0 1.63837687174e-05
13.0 2.72087587627e-05
14.0 2.3405383882e-05
15.0 2.16499800908e-05
16.0 2.25276819864e-05
17.0 2.36979511805e-05
18.0 3.18898355391e-05
19.0 2.95492971509e-05
20.0 3.10121336436e-05
21.0 3.30601047333e-05
22.0 2.31128165834e-05
23.0 1.49209322248e-05
24.0 2.42830857775e-05
25.0 3.15972682406e-05
26.0 5.35398156299e-05
27.0 4.3007392883e-05
28.0 4.88587388536e-05
29.0 4.06668544949e-05
30.0 5.4124950227e-05
31.0 6.52425075709e-05
32.0 5.76357578093e-05
33.0 5.67580559137e-05
34.0 5.90985943019e-05
35.0 4.1837123689e-05
36.0 6.08539980931e-05
37.0 6.90458824517e-05
38.0 4.82736042565e-05
39.0 4.06668544949e-05
40.0 6.23168345856e-05
41.0 6.69979113621e-05
42.0 6.61202094665e-05
43.0 3.71560469126e-05
44.0 7.31418246311e-05
45.0 9.01107279455e-05
46.0 4.68107677639e-05
47.0 6.31945364812e-05
48.0 6.05614307945e-05
49.0 6.31945364812e-05
50.0 8.77701895572e-05
100.0 0.000200116032191
1000.0 0.00244410721187
10000.0 0.0215578213918
100000.0 0.334485463355
150000.0 0.357594476563
