2.0 4.79313005167e-06
3.0 6.44496501923e-06
4.0 7.76444353551e-06
5.0 1.20733747082e-05
6.0 1.78056457881e-05
7.0 1.29551725458e-05
8.0 1.77219715407e-05
9.0 1.62386553374e-05
10.0 2.23243477138e-05
11.0 2.14723917405e-05
12.0 2.43995275623e-05
13.0 2.29846721066e-05
14.0 2.68617739467e-05
15.0 2.56894567815e-05
16.0 2.86122040937e-05
17.0 2.62350947933e-05
18.0 2.95609998428e-05
19.0 3.47587504685e-05
20.0 3.1784803879e-05
21.0 3.54764180518e-05
22.0 2.89893233415e-05
23.0 3.69670484378e-05
24.0 2.85826547967e-05
25.0 3.93149010084e-05
26.0 4.03666804466e-05
27.0 4.19354263013e-05
28.0 4.3030798267e-05
29.0 3.976633235e-05
30.0 4.34354188408e-05
31.0 4.59111233209e-05
32.0 4.71501458302e-05
33.0 5.48250637723e-05
34.0 4.83774656475e-05
35.0 5.01056606798e-05
36.0 4.98859426386e-05
37.0 5.32314496973e-05
38.0 6.33759282063e-05
39.0 5.98902814118e-05
40.0 7.03726751506e-05
41.0 6.67027109579e-05
42.0 6.9685141999e-05
43.0 6.08864730632e-05
44.0 6.45681399478e-05
45.0 6.33121485353e-05
46.0 6.32945944973e-05
47.0 6.08311778437e-05
48.0 5.7117035989e-05
49.0 5.98107031065e-05
50.0 7.09326489599e-05
100.0 0.000122910155216
1000.0 0.00113483900168
10000.0 0.0111018324368
100000.0 0.107148404177
150000.0 0.163700020509
