2.0 4.76533615836e-06
3.0 6.27264288039e-06
4.0 7.97421428859e-06
5.0 1.19267984916e-05
6.0 1.81040644327e-05
7.0 1.27471571967e-05
8.0 1.71163572329e-05
9.0 1.57606003715e-05
10.0 2.22316038802e-05
11.0 2.14378687994e-05
12.0 2.39501441918e-05
13.0 2.39378563653e-05
14.0 2.74536375916e-05
15.0 2.49969499859e-05
16.0 2.80232661219e-05
17.0 2.61909171312e-05
18.0 2.94272965875e-05
19.0 3.5138502822e-05
20.0 3.2123011676e-05
21.0 3.46809275671e-05
22.0 2.97347848182e-05
23.0 3.61736059241e-05
24.0 2.84945920398e-05
25.0 3.83184167897e-05
26.0 4.06519335627e-05
27.0 4.10732304725e-05
28.0 4.27420343433e-05
29.0 3.97914931377e-05
30.0 4.33262912385e-05
31.0 4.5479001421e-05
32.0 4.78780532689e-05
33.0 5.45357147141e-05
34.0 4.95120416311e-05
35.0 5.18733522975e-05
36.0 5.26688427822e-05
37.0 5.39274673005e-05
38.0 5.63279819849e-05
39.0 5.49435535283e-05
40.0 5.49415055572e-05
41.0 5.7119961662e-05
42.0 5.74763086316e-05
43.0 5.80746087571e-05
44.0 6.20473801037e-05
45.0 6.28700793471e-05
46.0 5.98528327975e-05
47.0 6.07214651068e-05
48.0 5.79037494547e-05
49.0 6.0274714842e-05
50.0 6.92474613204e-05
100.0 0.000122445850913
1000.0 0.00111905148512
10000.0 0.011007396979
100000.0 0.111763221482
150000.0 0.16299323877
