2.0 0.00499470892041
3.0 0.00657837570732
4.0 0.00785718736917
5.0 0.0118606782822
6.0 0.0193410389708
7.0 0.0129382036426
8.0 0.0202640887977
9.0 0.0164472558211
10.0 0.0222576423698
11.0 0.0227462297584
12.0 0.0250384945423
13.0 0.0249252709978
14.0 0.0317081512468
15.0 0.0256719027436
16.0 0.0383429924427
17.0 0.0262511859947
18.0 0.0291642785861
19.0 0.035752016447
20.0 0.0317692978122
21.0 0.0452197867945
22.0 0.0295712396983
23.0 0.0357774698019
24.0 0.0316484675179
25.0 0.0381478500546
26.0 0.0400805496286
27.0 0.0430468894684
28.0 0.0477583932438
29.0 0.0400787942248
30.0 0.0433303871806
31.0 0.0458725044375
32.0 0.0468543602914
33.0 0.0548610495501
34.0 0.0475916298836
35.0 0.0533411624342
36.0 0.0548241860705
37.0 0.0492867648113
38.0 0.055002066988
39.0 0.0542522170018
40.0 0.0615541116384
41.0 0.0596199492279
42.0 0.0623019136534
43.0 0.0602264412377
44.0 0.0656011950789
45.0 0.0677272816373
46.0 0.0683504499831
47.0 0.061165582266
48.0 0.0578978981088
49.0 0.061795772227
50.0 0.0790990799636
100.0 0.125188084202
1000.0 1.15851179207
10000.0 11.4544512213
100000.0 116.016470076
150000.0 165.95403914
