2.0 0.0
3.0 3.4206197341e-05
4.0 0.0
5.0 3.44491570013e-05
6.0 0.0
7.0 3.53662234393e-05
8.0 0.0
9.0 3.63548114704e-05
10.0 3.63388440869e-05
11.0 3.6754454013e-05
12.0 3.70687268264e-05
13.0 0.0
14.0 4.0182078991e-05
15.0 3.97012620116e-05
16.0 3.99477626879e-05
17.0 3.8371394452e-05
18.0 4.04910781742e-05
19.0 3.92947639515e-05
20.0 4.04986650533e-05
21.0 3.96595155285e-05
22.0 3.97696874366e-05
23.0 4.02684337012e-05
24.0 4.06264802077e-05
25.0 4.25082901604e-05
26.0 4.28913646873e-05
27.0 4.18561595995e-05
28.0 4.13125505227e-05
29.0 4.15639239345e-05
30.0 4.19519769157e-05
31.0 4.22199604955e-05
32.0 4.21755608355e-05
33.0 4.27410212481e-05
34.0 4.28208665431e-05
35.0 4.30737120495e-05
36.0 4.50193781946e-05
37.0 4.66054727929e-05
38.0 4.43973080788e-05
39.0 4.42283776507e-05
40.0 4.49619415818e-05
41.0 4.67855817901e-05
42.0 4.59723878525e-05
43.0 4.54037423022e-05
44.0 4.57046349445e-05
45.0 4.82232826813e-05
46.0 4.74709496841e-05
47.0 4.63856674795e-05
48.0 4.69213582029e-05
49.0 4.67557100538e-05
50.0 4.72461079042e-05
100.0 5.94634257233e-05
1000.0 0.000258195614592
10000.0 0.00211118025452
100000.0 0.0189092576193
150000.0 0.0278245552904
