2.0 0.0
3.0 3.57319146355e-05
4.0 0.0
5.0 3.4648013746e-05
6.0 0.0
7.0 3.57320853416e-05
8.0 0.0
9.0 3.65062962251e-05
10.0 3.68768471749e-05
11.0 3.77571620764e-05
12.0 3.9030599873e-05
13.0 0.0
14.0 3.85768782609e-05
15.0 3.80887359204e-05
16.0 3.9012233765e-05
17.0 3.89429127147e-05
18.0 4.00784691501e-05
19.0 4.1769449031e-05
20.0 4.32681401733e-05
21.0 4.11778171008e-05
22.0 4.02200725059e-05
23.0 4.11124479756e-05
24.0 4.18503023961e-05
25.0 4.14686947191e-05
26.0 4.15536715525e-05
27.0 4.14739063715e-05
28.0 4.21984443026e-05
29.0 4.34696492147e-05
30.0 4.71379271879e-05
31.0 4.31728854964e-05
32.0 4.54528194467e-05
33.0 4.66973353269e-05
34.0 4.60094388579e-05
35.0 4.79122148207e-05
36.0 4.48132190944e-05
37.0 4.44006124583e-05
38.0 4.48845281934e-05
39.0 4.54681764309e-05
40.0 4.57703984504e-05
41.0 4.61685825436e-05
42.0 4.61942971298e-05
43.0 4.65000431355e-05
44.0 4.78451498443e-05
45.0 5.11486124343e-05
46.0 4.77835540315e-05
47.0 4.71276912166e-05
48.0 4.78648877405e-05
49.0 4.79455653717e-05
50.0 4.83734695706e-05
100.0 6.22706089525e-05
1000.0 0.000294554415616
10000.0 0.00235667054903
100000.0 0.0208855728336
150000.0 0.0308080565427
