2.0 0.0
3.0 3.59046939175e-05
4.0 0.0
5.0 3.41685690859e-05
6.0 0.0
7.0 3.52969829129e-05
8.0 0.0
9.0 3.69752468973e-05
10.0 3.69098510733e-05
11.0 3.63204893668e-05
12.0 3.84573838454e-05
13.0 0.0
14.0 4.01193945606e-05
15.0 3.71004349469e-05
16.0 3.73391964007e-05
17.0 3.75764291822e-05
18.0 3.81752849152e-05
19.0 4.03362799641e-05
20.0 3.8733621433e-05
21.0 3.85344551667e-05
22.0 3.85020924277e-05
23.0 3.90274789002e-05
24.0 3.96374510371e-05
25.0 3.9308800657e-05
26.0 3.93085902491e-05
27.0 3.97217272703e-05
28.0 4.02146784102e-05
29.0 4.03201080672e-05
30.0 4.89479469373e-05
31.0 4.14562843191e-05
32.0 4.05446577118e-05
33.0 4.13077441438e-05
34.0 4.22933054298e-05
35.0 4.39047164094e-05
36.0 4.19966257397e-05
37.0 4.20677735353e-05
38.0 4.23356043173e-05
39.0 4.27682330556e-05
40.0 4.29470032407e-05
41.0 4.29403279069e-05
42.0 4.31831089782e-05
43.0 4.30702948528e-05
44.0 4.37521362666e-05
45.0 4.39962703522e-05
46.0 4.44310253579e-05
47.0 4.40517322085e-05
48.0 4.42333055072e-05
49.0 4.44614435712e-05
50.0 4.44237111752e-05
100.0 5.73428979436e-05
1000.0 0.000214593432391
10000.0 0.00176138006335
100000.0 0.0164480404866
150000.0 0.0245442807921
