11177
7394
12380
16137
14958
10767
17366
7081
4559
16050
19394
19226
5475
6992
14123
2815
7221
7986
19242
9109
5640
16247
5125
5405
1163
19904
3163
7423
2557
1717
17011
16387
8223
6752
12588
18019
14608
666
6224
7254
12611
5327
5873
17910
14659
7163
8989
9782
12928
11211
19572
8457
14234
15143
14263
13586
7416
17987
13606
14001
10631
7915
18379
5638
15079
6949
17279
14421
10372
12984
1994
4141
7556
4744
13966
19209
4781
11724
1910
18601
16259
6089
10035
7997
19792
5550
9412
10835
7260
14759
14076
403
8334
4716
18486
8456
9270
11966
14532
16411
1417
12873
11821
10366
3556
10688
19607
10811
11072
13619
14918
8277
14463
16698
2059
17953
16285
5613
2906
1994
14921
17640
13343
2269
1699
9584
19873
4397
9982
6315
2213
12437
5856
1778
9786
2193
16848
1162
5884
8761
10257
9411
14184
4691
16842
17396
7615
18793
12622
17727
4309
9205
11835
8146
17577
9779
12621
2632
19997
17416
13889
16858
11986
18485
5083
5057
10205
14134
2603
9453
339
167
7936
16701
14248
1109
2548
15091
3822
1231
16381
12706
10040
13315
2761
12454
7769
11725
8648
1108
18584
7435
7462
17859
10696
7891
10795
7608
15436
1918
19314
18737
7396
16785
586
15139
8088
15548
1357
8949
3334
11762
14185
9610
6359
8182
18059
8604
3368
6925
12563
14917
19481
11633
14850
11642
14014
2614
14885
1351
15784
17829
13072
19176
14426
2962
14362
8720
6410
2700
8847
11868
16531
4503
4351
19727
12151
19562
19070
6049
13959
18035
11920
3016
18855
4848
17290
1471
1780
2837
8484
18411
5352
4362
19479
15365
12760
15996
7955
1020
9546
12286
11296
2359
18087
8618
4833
8690
3345
14791
10288
11172
11394
1293
14214
3373
18041
9630
18677
5576
14908
4183
17895
11991
14813
10970
14366
414
9230
11623
5655
9164
6592
4683
10430
16373
7577
6366
2544
10365
4397
4599
2209
18520
10640
874
9723
17536
11796
13590
14595
4243
16788
4807
6279
2546
815
2806
5919
4613
18279
19305
14638
3195
2335
4567
18842
18078
18253
19811
4202
5648
1680
8040
12948
12685
16846
6959
739
12462
1549
2540
3796
18298
13547
17280
16355
10922
8420
12
11788
8553
11817
15599
14283
17092
19317
16131
1735
11261
155
12384
10334
4314
8234
1483
8666
10500
19233
3653
210
6437
2519
17266
7900
14004
3550
13703
18072
2250
226
4644
5443
11505
12319
8318
10583
4014
8190
17291
17654
7787
5480
11868
15340
6025
16855
5268
3204
12061
11195
11124
15222
15146
16224
4841
18533
3914
2644
12650
11502
16803
3849
9180
11027
6960
1682
14682
19049
3724
19573
9689
1042
9106
19020
12392
5620
1531
9724
11189
14265
7068
13971
7245
8244
4781
5583
491
13049
19508
840
17068
7249
7133
339
2876
1368
2288
19670
10382
3688
4137
10388
17102
16887
18127
2673
15706
6877
723
19457
3585
19764
15065
4361
11149
6217
12485
12577
14100
16219
6073
1628
9489
7786
17770
6437
9443
19647
523
19992
8156
1266
5184
790
6662
4785
703
4037
16815
2810
17169
8740
3166
12709
13021
15637
4828
16633
15258
5738
6479
7813
1271
7499
2355
11277
16865
13962
11291
18754
19752
1062
1855
5850
18688
1466
14127
18703
17472
14366
19273
15607
3135
3505
14026
10708
8088
7842
13233
3162
13164
6471
15372
5217
16534
9351
9913
3259
17918
5195
12196
4308
1525
5872
14306
18434
8499
3935
19553
18337
6861
13802
15213
8687
4902
5894
3577
14600
12953
618
6294
14499
19167
3554
4899
8038
12770
18643
11771
2522
19858
12069
13132
1021
9950
7958
979
14070
18246
11684
15016
1020
15396
3395
4452
8139
6254
14765
15854
15444
484
16028
16084
6146
15439
8723
5958
10145
6737
6567
14010
986
2032
18655
19165
13607
17954
17112
18220
9257
8020
7622
19560
17841
14786
4390
19607
3917
11830
2696
6533
3816
12695
11612
1807
2946
3123
12284
13884
15185
5898
6584
17357
11381
830
17711
19260
5682
4067
8703
15308
10097
5056
14525
12600
3801
15127
14365
10186
9014
18428
17283
8709
8759
4305
3718
5587
10130
4243
4239
2526
10275
16448
13015
713
5048
4830
9734
2768
1635
12596
1563
6320
15769
6242
6361
5846
11871
3945
8227
18274
10778
966
2302
8508
19136
13195
2304
16308
7993
19228
3914
12908
12996
8278
14631
3303
1827
7360
13542
15057
17101
13903
3893
13773
12324
2547
18642
10360
5653
10217
5325
11232
3028
17159
10174
880
2598
7194
19810
6179
12262
17999
827
2827
3506
14724
4340
14850
11304
16299
12685
19449
8330
4691
8810
15909
8760
4277
5716
16854
1478
18479
17180
2468
11504
3254
2678
3807
15324
2193
9791
7365
12880
855
17665
8374
18380
12863
8948
9720
18080
7077
9311
4786
5334
3054
17759
648
2015
4215
13387
18936
17864
12595
11048
14250
16800
19288
1621
18720
18816
16196
6947
2154
412
14482
1809
8044
11136
19915
5526
18169
8665
19385
2483
11710
1337
951
2610
4393
158
13799
17567
8526
6931
7569
525
3679
5024
15949
15838
8905
4497
4901
13802
14573
11546
10955
17938
3450
10559
5730
18506
5602
18515
19943
8109
19659
1760
2965
3930
14292
12318
12507
14272
17455
8947
19368
5021
11735
13554
711
8397
11228
12593
15310
11256
12203
5155
15103
10957
3537
16887
7297
5333
6098
15912
3871
7154
8465
11294
15385
18977
15953
19631
19264
3027
18522
10892
13983
10870
8414
55
5636
5709
4840
9799
6690
3045
2033
17215
17825
10516
17912
7048
2174
13985
3828
18975
19726
288
12680
2370
1539
16832
13742
19489
13091
7335
19814
15233
13482
9741
1501
17875
12481
4914
12668
16409
15997
11208
8426
18624
11734
2873
9666
12228
745
12574
18236
5198
17847
2154
18907
12222
434
18250
2095
18902
19786
1048
493
6310
13703
17017
15752
10834
15534
5505
13953
8366
7858
4935
2977
19704
909
16245
4676
17400
6099
11451
4314
7774
14375
5338
11316
6593
17889
11415
18405
19705
11079
4973
1105
11053
8906
3324
10603
5674
15980
18722
16857
15529
16804
6255
13155
1615
1979
5981
7112
19011
19567
9279
13199
1328
8628
3212
8147
12533
18632
19728
19906
11134
7413
8666
2593
2535
12061
19447
9364
7888
3212
3725
17289
18743
12408
11861
6009
14204
7868
11928
6043
10969
4644
17711
4989
3179
8681
1461
15834
452
8673
2854
3880
18546
11591
2842
18946
6165
17293
7084
760
10370
11594
19230
10932
2231
19134
8433
574
16217
13252
3062
6598
13574
8464
10811
6413
10141
9810
19632
3288
9797
17236
15343
6343
6003
13930
5767
11479
18940
1529
14570
13029
15404
10773
2010
11066
1727
14477
961
1647
4647
6496
1057
14130
14114
7610
11977
11617
18494
9049
16646
4120
17336
19281
15869
4323
2585
14438
8758
11641
18750
18562
5980
8055
19800
263
11578
1416
1291
11079
7196
1249
10566
9858
1498
10110
4970
4472
7002
12649
14595
17642
9625
6495
12057
15411
406
11011
15875
12654
1309
9283
6029
6433
17952
15364
10420
13763
4620
839
19019
10466
12450
11471
18455
9185
15672
575
6971
16755
15891
2805
1234
11124
6590
12932
3225
3448
8604
16306
10958
17232
3375
16341
11984
8175
6132
3347
12830
13352
1339
15177
9539
11120
7534
14178
5598
9781
9135
15903
7919
19080
18110
5038
5792
7194
16250
2739
2095
11671
1752
18759
7005
1815
2058
10044
8115
13630
12863
3603
807
2351
16796
3076
5753
2511
18871
9353
15047
1252
6533
16137
6997
12298
6626
13790
11233
2794
10495
3202
11284
17385
5505
6511
11844
6459
1576
6562
11700
7335
6524
18430
14241
634
12761
5034
16818
13823
19021
16983
8684
14752
14190
9510
17347
9298
13991
9242
8789
4567
19247
15208
10255
9969
14493
9340
15638
11080
19166
6532
19906
4286
2991
12199
1669
9476
2561
6983
6792
14734
1048
14021
14701
14741
192
5114
634
6216
19232
5390
3386
5624
19814
265
106
7376
3356
1125
1610
14223
12165
3206
17612
15871
12392
11057
12006
1821
4261
11877
17902
17761
16336
18962
11415
19006
15920
19593
4015
17247
17175
15843
17464
9772
13105
10136
9793
1018
6439
6962
2976
19097
700
17621
2666
15134
14494
11054
11203
1365
492
13155
17786
19995
2292
2398
10731
18197
2709
4473
13166
12849
11140
1499
16048
3456
5922
413
10959
12751
9480
1020
13447
4721
4541
11908
1170
16135
8377
222
18975
5671
4176
9666
9290
11781
19610
7532
385
14406
13513
13408
12483
18665
7954
17249
19157
1065
16018
14593
11649
2907
611
11829
11847
2599
17655
18906
2940
16953
6077
4027
10633
6847
5499
18395
1065
10504
17308
10655
4774
4926
16949
7970
13152
18921
2231
15132
14226
16219
11017
2711
14843
2790
13569
16942
11783
9075
2550
19037
13475
14394
6108
17385
5372
14545
16034
7528
18771
4680
346
15783
13435
15512
19384
501
12849
11349
8524
2266
7588
6605
17154
9542
12429
18075
10324
3796
3491
11111
15345
8774
18373
16142
4027
9662
1244
5920
19423
17309
10711
7272
16099
1717
3223
2314
10839
508
15380
11607
50
6955
14641
2283
538
11815
18696
19645
5257
563
15670
7326
14910
18482
8207
10211
19022
1168
12952
4991
15560
18728
5081
8747
3341
9553
17646
9706
19878
12371
12378
13453
8321
1163
4255
352
17172
9152
14190
6591
1417
3469
627
5684
10416
6776
19746
12425
11681
5741
1437
16203
2283
5110
2556
3427
2647
15427
5621
13478
7855
10052
18351
5315
10376
6440
17085
19690
17361
12268
3034
6690
13653
17577
5697
16771
10695
9257
14449
11588
7162
1927
13479
5269
13704
19811
5678
1189
15389
10105
7691
16493
10837
13275
10346
2091
8910
10563
5832
4429
6136
4432
4927
11044
5280
1300
19313
582
6708
15115
1155
4873
18704
1371
9639
9838
16706
18221
4311
94
10753
7909
17898
849
7580
14232
14450
19555
16047
14433
11301
14966
13066
3075
12304
19373
14601
4727
8828
587
3627
16814
2906
17065
16239
2330
14154
5441
10171
13109
2599
19679
9056
18308
8955
3435
2592
17821
6520
1549
15180
717
2497
2666
4406
12406
19290
15336
4045
18049
18403
1180
11658
15380
4666
12774
4197
2739
11460
13409
11413
14097
1105
11330
11742
13155
999
17253
13165
106
1670
10350
11490
14431
7725
4551
5508
3585
1587
12184
12826
4181
5205
5873
18363
9669
2198
10597
1941
8155
15507
16431
14433
16239
15315
5969
5541
5704
11348
9526
19793
4567
14446
14793
13571
3558
1693
8545
16053
2030
717
9392
5490
12372
19194
3839
1476
2501
15068
17777
12866
10773
11565
795
13166
16431
19816
11474
11445
3062
8293
14457
15317
7321
19138
1209
17852
3938
18674
1695
2003
2592
18608
16066
10266
18675
10709
11664
19610
4266
10548
5488
19206
1513
15825
10820
18573
18644
6157
3230
19384
17351
13727
2988
4002
13819
11111
2654
13499
14181
13621
5139
4934
7045
4369
14122
6401
7003
10470
12286
4103
14762
10282
16702
4265
10067
16160
4036
1639
3247
11548
1445
17222
104
1900
7191
18483
7597
8656
15830
15642
7953
8139
1512
14614
16394
6313
19002
3843
13563
19250
5345
17449
14723
11647
13266
1840
11296
16204
5732
9540
10687
17583
6781
7813
3060
19929
8247
17655
12649
6169
3571
16068
11744
16323
19222
2911
3270
6915
4168
13357
5866
12186
19288
18263
6684
17415
11891
12660
11996
17289
13829
19347
14798
18486
10720
14418
5649
17370
3862
17501
14119
6491
2721
9508
15588
16933
19666
2562
1567
899
4664
9441
6280
1391
16618
5522
15941
16822
13590
3669
9748
16576
8232
11535
13116
9624
17975
3747
12983
13588
3562
7529
9613
17561
11217
15484
5582
14726
7024
14424
1450
19088
18840
2389
14791
4051
16371
4754
11744
11254
18406
11955
5767
17080
18257
17667
18634
12212
19052
15917
14793
3887
14051
536
31
4338
19353
4556
16524
3973
10652
7701
19653
2604
17915
6952
16445
19407
10054
13589
5101
1639
5367
825
8213
14575
468
19994
14275
15001
7518
12302
12893
3919
1238
14794
8093
7308
7384
13310
2112
10648
12071
17700
8221
6837
11735
5943
18136
12740
8221
10914
6163
16515
16468
4857
3110
12109
14461
14320
1395
17120
7225
10792
14808
18031
4528
1889
15986
173
17793
5273
884
6387
4035
18086
6758
7277
6530
19024
10986
13382
4161
9745
8150
795
17525
15778
8242
5774
13716
3609
12565
16709
16406
11679
13892
14762
15793
12030
19811
1375
14081
15110
4373
12215
16317
3879
649
16056
807
1401
4153
13664
5417
11931
17594
18692
11727
9319
4647
15212
9014
11527
16398
14860
10766
3634
5738
19833
6844
7792
5498
8946
16367
8176
2821
6036
3408
1449
16148
9634
12599
5746
14873
8144
18570
4550
16899
10545
15309
17652
14819
17628
4922
15991
10007
16941
58
16553
6037
14481
11894
11032
13990
5460
16022
17989
5284
7244
15362
1350
13459
929
14846
18170
12239
16172
9131
8243
11091
3349
1684
12478
11058
3253
4844
13351
14130
2768
9377
14437
13281
19292
6210
8654
695
3237
7430
3671
8685
2143
6777
18814
12544
13272
9014
3158
7507
13461
7999
4182
16284
11296
8815
5258
19600
108
15648
8607
6958
18900
10681
2014
15694
17464
2410
18325
11919
12177
15321
1368
316
7127
16492
17275
9655
6055
13002
9045
17608
13738
15623
3126
9868
10843
11231
13236
15331
12695
19554
6269
2802
8084
17358
11142
2478
3673
3607
744
2945
4385
14827
13724
12057
4493
5667
18546
987
9683
190
13854
9047
3242
17326
14504
17530
17046
13889
5317
3178
10133
3733
15730
11086
3315
13723
5149
18645
6513
5152
6361
15379
898
5838
262
15598
13201
18385
18248
4599
7165
7640
13943
2229
12977
9349
5978
2729
13008
9172
91
8
15617
16502
3818
11422
9227
16409
10616
7557
5545
9691
18471
15864
3586
13896
10590
3593
1408
3233
4993
14877
14719
9224
1647
6729
17891
17077
19489
9036
1684
7504
18067
10126
5363
13237
4522
1616
5059
10368
19083
16012
9879
10485
13579
3648
4350
13737
10931
13091
5893
12059
10898
8958
3893
17936
7674
15466
18240
7824
11230
15178
17289
17536
13366
19305
14742
4445
17414
12289
12891
8646
4802
9628
10186
10348
10031
19820
11903
12653
5558
13859
3559
14420
13430
8311
17958
18636
6274
6014
10874
13454
1601
11899
19117
14975
8223
18114
18802
1943
6019
15683
1850
12967
13847
15871
4182
4166
9822
14523
19720
14684
238
19621
8028
12541
18526
11901
16098
9719
2259
13080
11919
67
19494
8652
11595
10216
7310
5646
4570
4576
16221
18046
10016
13080
16677
13022
7681
17042
10986
10861
12284
12266
7916
10146
16075
13165
4687
2245
8361
2397
5629
14502
2988
19922
11141
10758
781
4990
695
1472
9885
19519
1651
18108
537
1980
12941
9292
14556
11479
1926
18296
19985
19983
12111
9755
8250
3812
8469
12578
19319
19220
2639
17564
1713
5153
17475
7428
513
11556
626
413
5135
13192
14078
35
3000
7500
16057
4415
14838
9229
1536
6382
2170
10756
17449
14778
18153
5128
16169
9809
9462
19108
19111
9348
10554
14098
5729
14100
848
6783
11840
11489
18457
5560
5049
13716
2376
12971
17276
6071
14154
17233
4471
13795
12567
3648
15409
7026
9078
16543
18797
14615
19520
965
3946
16999
18909
1429
12631
7526
18123
712
3533
15172
17397
12112
16933
14865
18142
15874
12077
10352
19509
7991
7183
13465
17562
19202
13115
15772
7915
4397
11642
5299
10342
3906
10242
10525
17904
2882
15898
1147
950
926
15949
1417
4963
4790
4044
1369
3272
6981
8115
7448
8322
18621
7818
862
14321
6233
7767
5134
17550
1027
4065
3149
17645
17335
8184
8667
14952
7695
4427
12399
16209
13393
5495
13848
9023
10957
11787
8687
9610
6687
867
6208
648
772
9500
9681
650
764
12178
194
6821
2915
5235
14050
18929
18525
8703
14554
11216
115
7385
17546
19331
15309
13663
14384
5250
14618
18994
8387
7829
3400
12122
13337
10491
19789
1977
12905
4977
8163
17384
18211
599
3774
11487
19165
11122
13623
9212
17517
2147
12943
4094
15744
4494
9261
2433
904
12729
2652
2271
11525
2610
19184
16015
5002
14422
15699
11117
8679
14584
4817
4685
7145
11020
6452
5189
18395
12236
3747
2177
3682
4648
14608
4189
14063
15248
9355
4145
18445
199
2217
2436
14245
3997
5580
2048
8903
16765
1919
9572
7229
16514
7566
6845
270
16448
3329
18010
1289
19197
19754
9608
737
17554
6087
6385
14290
4822
6461
14955
6195
13910
12727
14279
7801
13128
4574
1705
8322
16947
3379
16492
2435
19409
70
4489
10462
17515
3068
18222
16386
17169
11458
6081
16758
3567
11390
19082
12010
10846
13867
17979
14527
14248
17623
8962
12210
4147
14405
17324
15735
6814
7292
1700
14903
9081
7902
675
14722
9972
8898
11499
5962
11372
8058
18090
18504
1646
5716
4820
16209
5318
1421
17374
12068
1
11446
19673
6867
8080
6916
1974
888
8592
9446
17988
5806
1806
7346
1109
12075
11960
743
14482
2462
6993
18994
9037
17667
822
12838
13066
8065
3461
1358
13107
13689
14802
2049
7639
18040
1642
6087
4264
9466
13543
2647
17806
9364
17009
7551
16131
7326
12808
12958
59
11580
11412
786
834
14385
10707
16102
3318
635
13487
17905
10225
11708
1916
18055
16915
2
13687
14575
2360
1380
4448
10070
19573
2933
13241
8681
10876
6699
14368
5212
7679
18483
17757
15487
4903
3488
9778
11007
15717
17748
14176
17497
12566
4373
18833
5473
17561
11915
14056
13147
11338
3034
2373
8160
7595
8627
15314
7820
19190
11774
292
18862
11542
7763
4763
19068
12607
17733
19323
10846
19261
3408
4502
1339
16843
11678
5733
10901
2611
2238
6694
236
1151
1269
11808
199
8272
12536
271
16295
4718
12207
7936
15692
1617
375
15682
14339
798
15096
15755
9421
16737
16926
1916
19582
1483
8205
6620
11813
14758
1001
12574
10765
8429
19986
8480
1722
8591
16821
19522
12330
12946
4395
3414
10137
4178
4943
8161
2937
10352
12955
8142
3329
17181
10511
17274
13202
7359
6810
5141
14272
3885
4910
9268
18546
8454
4078
14393
6306
12704
12910
3144
15471
8992
7496
2745
11115
16628
4996
1625
8390
13019
5897
1802
12247
10689
4674
5060
17208
10637
1213
9422
12477
11625
15943
14183
4587
11278
19627
18583
15738
16281
15606
12171
14668
775
15171
12447
14080
14693
1127
1328
7244
19675
6269
17501
16213
15512
17351
15022
17166
15742
13494
17374
7572
17615
15253
262
1867
18529
1041
18848
3340
3475
4493
17770
8384
1493
15028
6840
9350
7669
6359
6942
2483
4861
908
1945
2027
15127
19134
6426
9333
963
16369
5383
10107
14604
11979
17268
6565
5335
15296
11362
3252
16933
18907
16611
15157
7361
131
1794
9397
2543
8756
4486
19228
7501
8736
15825
4530
6895
6481
1300
7602
19101
11352
11294
19119
2503
16882
7181
15783
19640
1973
12899
15173
10895
13360
9404
18324
18411
4826
10828
6715
15279
19969
10693
9535
19834
14558
12396
8460
8200
13962
5533
13491
3675
7744
8584
16062
18985
17579
14843
9609
12838
18735
5300
4394
14501
12948
16999
7354
8875
1185
16845
13250
19121
16833
6534
9287
18517
15331
15965
10473
18846
13235
12237
18385
4167
11498
16701
12838
2785
14124
17465
15542
12386
17535
2286
11019
11883
7572
13258
13750
8002
10624
11397
4387
1863
1091
7817
16409
5626
19155
8633
18709
9815
13851
4146
17643
1707
22
4674
19132
10889
9908
1391
4708
4521
2039
3269
3961
15593
1866
6614
14128
16987
11768
15694
12484
5583
18827
1806
9489
9021
17040
9001
1939
5236
10457
6401
15888
7009
17053
460
5226
13307
8844
385
6682
3960
10900
5128
1481
16160
2957
9751
10012
18930
3306
18068
652
9528
12802
13083
12425
19752
8207
1620
1240
8846
14231
12268
5013
17619
12053
4577
1820
6600
10176
3123
14744
6106
2980
14889
6428
9723
17538
10681
15335
10491
7949
5503
19121
13486
314
338
2761
12822
2798
9305
19498
14733
15303
16620
7445
11689
16998
14753
11545
976
18711
8513
2821
13288
457
14963
6673
4738
18548
3538
11567
11114
5650
17853
4107
6674
2068
7655
1099
8489
2771
17849
102
5748
1612
6758
18116
12463
272
5662
15574
438
10283
8817
3226
18078
7128
4737
4642
8203
13490
19837
18551
9222
4035
7437
16873
17590
3939
16029
4773
14502
8732
8126
1286
13302
2236
3310
1548
12932
19642
19614
7151
8554
19381
18169
8916
4333
7723
10144
18882
17859
11051
15988
11297
16987
13654
14403
19650
3365
5865
13562
12389
12435
3771
3225
18778
17963
18625
7496
16379
7630
14556
15784
16889
18973
4263
1340
19044
662
13823
10064
10644
16048
9833
4217
7945
9609
19381
10363
7461
8538
10734
13710
16457
11491
6325
15874
8169
3616
14667
18396
15361
15009
1650
667
9288
4019
7716
5878
6661
13476
4434
11541
13927
2028
3074
10709
10262
15069
12414
14375
9444
8834
1318
19795
5674
15803
5454
14917
10413
11817
5759
10584
2150
15439
8223
4900
7533
17837
15156
13657
3403
14497
12480
13314
15062
7669
15176
11248
8300
16337
3370
4221
8573
19869
16624
18562
6620
3744
5935
19275
5475
1831
10421
14182
5226
17479
19188
243
11984
2676
1676
15742
4088
16404
12081
18820
17235
3414
3728
7706
2932
11971
15748
18680
12880
3491
9857
12605
8213
8195
5843
12353
6470
4432
3895
7870
18676
16955
8088
18703
12170
3973
3068
12205
15794
2410
11872
10908
11600
11099
8012
17447
10038
14009
17707
1968
15228
19897
16630
8501
372
11559
10440
17416
1943
16779
11102
10032
19806
18971
16374
5996
19959
16591
14018
19394
8570
19550
19940
11040
4862
8989
10579
12091
8297
4870
2709
18778
5871
13881
4710
13086
8007
3475
6479
12897
11465
3672
11548
19488
13480
18026
14369
6781
15982
6820
1406
14566
11517
17394
17945
15431
15894
1599
11313
7182
12189
2683
16513
13928
9166
15381
2171
1959
19813
14605
12075
4838
11923
5412
16088
10691
4453
12477
11813
1427
15726
19740
1788
16325
19183
8816
1962
1265
2088
3063
9391
17947
7623
5342
1034
19342
17132
7709
11210
8571
13364
16984
10398
13890
13120
12464
535
2581
9097
11579
18921
9326
13593
8646
9711
12638
2441
12977
15995
66
9250
4687
7100
17484
17329
6913
5398
7032
18280
19854
517
7347
1816
303
18359
7797
2327
1608
16862
15560
3457
14131
4759
12219
8319
16419
17121
5285
15937
15903
10821
2718
12755
16358
4925
7353
1844
7869
8630
14022
18170
10638
19869
17433
8947
4900
5740
4662
5440
7191
16459
11885
11156
20002
19128
6348
9510
4455
17834
19995
1511
4352
2366
11182
1607
6150
16953
11507
2153
10513
9942
9846
18866
6397
1418
19042
12032
9645
159
12019
1684
1965
15671
8737
6401
4488
2576
6884
12448
19769
19912
3282
18107
9337
12162
12483
7031
2347
208
9300
7036
9202
8830
10711
1452
18305
4493
8602
12361
10585
6893
7484
10445
8267
18412
4845
12687
19737
17740
13992
11721
8426
4867
4481
16944
1266
12905
4534
13459
8012
8145
16676
10447
1070
8888
17097
18710
15754
11787
17123
687
12939
49
4706
17495
495
6855
9566
7428
5229
15809
18443
3570
7460
7654
265
408
5998
16837
2777
12295
18567
8032
4096
9332
8167
6745
3486
3675
16561
12153
14591
5482
1480
5270
18180
15317
4083
19193
12312
2740
13729
5175
15449
4057
16526
6648
15861
15481
3111
1604
7967
18843
7867
3629
11765
1386
15555
13990
11102
19171
17240
13734
7287
9655
3560
7790
4064
9871
4147
9817
14295
10917
17833
19643
12089
15496
9531
6820
7903
10328
8692
5688
15175
17527
4296
9860
10506
6166
3720
9019
3163
11514
2371
4555
3794
1958
11907
4260
2129
10398
814
15666
10941
3258
6293
8404
8884
13383
11525
420
18926
17193
4835
12160
16313
2248
14041
7600
1839
18186
7699
2808
8159
3428
2179
7814
4234
7579
12527
4597
7970
15338
10289
3482
18381
14737
2586
8155
16321
1785
2638
4306
19774
7305
4709
189
6241
18705
18018
12909
14441
16530
1289
1257
12792
19497
1368
4441
9303
14231
14301
3401
13327
2177
4306
10504
14542
19486
19935
5361
990
13111
13374
6563
1094
17226
1965
1808
1220
2651
10017
18026
15959
15070
8508
19575
18920
11321
15934
10209
14208
15784
11154
14398
3246
2557
10702
15255
5429
9266
16025
14005
10451
10326
5659
10770
11629
8177
7314
14904
2415
16835
17828
7407
14500
16840
5181
18700
17347
4873
16227
18236
7836
10975
13392
3296
12655
11148
17345
1024
14750
167
10215
15715
3205
18495
3129
15947
3045
16838
13532
4475
3837
1913
2653
16663
7959
16832
16398
4517
702
1684
15072
3352
10590
9300
16639
10677
17874
15809
4493
15244
6469
1730
869
15936
16781
1825
3413
10038
1262
2557
8304
14912
7663
957
329
9033
18409
14765
10499
13886
19108
10096
13955
11858
12294
2910
11666
15511
10625
12747
19110
18569
19889
7846
15457
294
10498
16259
505
410
2227
9754
13847
1698
3705
5043
4969
12062
7478
8970
8793
9539
13675
419
11726
6382
17138
17121
5311
505
11397
2614
12681
17788
17673
16671
3536
2729
18892
15173
12796
19903
5744
15149
17984
11915
16559
13481
14400
19027
7717
19129
7946
5451
2805
14839
3056
11041
17749
16121
11504
13556
4404
9031
4903
10022
823
18297
17685
5206
9946
13644
14486
18765
7506
1166
18806
1699
13917
13775
17163
5028
18277
2886
4554
14154
17830
5187
8137
9733
9375
9356
17428
4289
9387
7217
4667
16535
2024
6048
11821
11243
16026
1717
2483
7914
16121
14006
3258
18779
11344
12896
18811
19279
9076
3739
4330
15407
11629
10256
2780
8026
17469
19486
16892
3347
5228
19345
8317
1315
7524
899
8594
17005
14187
8237
6220
15771
13329
17793
9130
12392
7737
10973
7906
10776
3297
16741
9099
16892
16312
5987
13240
3861
4803
457
10241
7211
1596
15541
5449
15031
15519
12882
17525
10226
2755
6981
16449
13095
7544
7680
6231
6531
19729
2515
14246
17172
10088
995
1655
13908
10486
11018
6258
5787
12605
7567
15572
717
9183
10595
18937
11135
16424
14291
4722
7775
16615
18488
19488
16092
8661
7263
1547
18307
6306
19593
13361
7119
17499
10892
14625
1097
11773
19323
1815
16670
18077
13355
10652
4636
11784
16493
454
6450
2981
12996
17777
17642
1441
8588
19052
16528
9913
12320
9369
3842
1442
11256
11086
2080
12718
6894
2498
6889
10102
13168
12066
10936
8729
4740
8462
11796
5407
13492
508
9325
16806
16673
15821
13662
7276
120
7827
6161
3355
14099
2298
8294
13310
19646
14110
16334
17857
16095
11089
1783
7675
7660
16259
2258
190
9880
5392
10733
17462
2022
1251
1641
6518
7211
3499
691
11738
12920
18890
16957
18606
10281
10313
14838
12958
15517
120
8686
305
15211
11732
9753
13803
2502
10859
363
5841
1109
2129
9825
13222
7298
3555
11196
15259
6482
13529
17166
18383
6457
15136
19045
5854
11934
14759
5016
18311
11934
16875
6122
7206
3165
18032
3418
16188
12282
18196
10445
5662
379
17482
17570
5488
9814
7287
6112
18613
16638
18403
9684
11446
15401
15615
11062
97
3000
2668
18989
1950
14165
1711
2968
12272
2251
2075
4482
13423
8318
9876
4171
18286
4552
8268
12694
8007
9963
6877
14667
116
3950
4355
7853
8324
2307
7377
4615
10556
13121
1066
4966
3190
18676
12753
12300
16496
12945
12506
15549
11408
9884
14532
10183
7004
14002
11047
4500
19953
18613
4166
18688
19571
11763
10344
2043
11867
7342
4769
8712
14699
764
15629
14568
16235
18839
12015
13771
14613
1264
4763
10827
14162
7751
14469
9586
9485
14106
4051
12218
8876
4745
12867
5624
15374
10197
809
11380
14414
5802
18413
12148
4618
482
7814
10292
2203
12849
4457
1565
7299
373
19643
11546
3129
8895
16408
4378
4914
10233
17424
2974
6846
13485
653
10570
6433
18784
3797
9710
516
15113
6177
12244
8076
17131
3091
15919
16162
479
19599
8849
12391
18811
18671
15093
16060
19183
9260
11118
18743
2377
13410
11556
7497
5761
2605
13968
10297
3286
12798
12778
11648
7716
9679
5368
8440
11048
13599
16878
2253
9659
6622
2440
12105
18422
3926
8517
7160
10459
13222
1080
16800
16396
19345
7921
2329
2348
9821
8919
1038
17834
3790
9031
17801
18435
7557
11061
18057
15471
8177
14201
14378
13378
15652
14733
162
18662
2477
12145
5289
10728
15224
16685
18412
17331
12615
11884
1298
4667
4760
6589
10788
14867
10584
17226
8422
5466
16395
673
19445
2590
12267
2640
10737
15073
17510
4661
18763
3113
3219
1322
3298
10753
18309
2235
6982
12854
17628
19963
15962
5011
4896
6305
9659
6746
19628
1619
9286
10276
9418
5509
7490
7946
16053
1063
4363
4681
3416
17891
9482
1976
4033
14417
2610
12190
13931
5637
7909
15174
14085
11067
13142
11173
9289
9535
5368
12680
6883
2119
12561
15707
12163
15388
11877
4530
964
19273
11188
15032
10896
5922
2078
7628
15023
10250
17573
1105
418
12898
1776
16059
18180
17470
14417
5055
13356
18692
15475
15500
4134
8452
17862
16377
17120
1340
1613
18097
12236
15916
9739
13814
14130
12282
9234
16053
7045
17517
14216
1453
4623
11886
5020
17216
2112
9985
2643
5836
6262
4471
8615
15566
5664
15291
6168
14586
7551
14107
1447
9181
3069
7822
3350
13404
13165
13204
13757
11427
3278
19002
7646
14041
19451
2880
14415
4122
19856
19238
8952
9564
1377
983
5855
509
4416
9721
5074
2475
12379
3983
3608
17869
10374
11912
18898
19701
13169
7965
15472
12009
17285
3420
16052
7445
10136
455
6631
159
19635
5120
10855
3231
9347
6062
10679
19107
8755
13453
7340
4159
9258
19443
19348
17886
8575
870
12948
17313
1778
11622
5617
7716
17080
10200
6602
2688
19048
2620
7008
4210
14488
1310
7516
6054
1804
17288
3445
5814
11163
19071
2417
11550
11746
6525
1445
7382
6448
3680
2159
15838
5377
16542
1091
19246
1746
9154
10822
127
16291
18148
16042
10814
6169
18964
8547
16416
1672
9635
19750
17142
9601
9637
11744
10646
16564
2838
15204
17673
16171
843
10654
11100
3116
13642
7296
1269
12750
5176
7484
4571
7780
14683
8634
11104
2428
9000
14508
17186
17335
1549
11801
13538
2743
9268
1330
4193
12030
15775
12559
8239
14297
11643
5011
10272
17126
4405
4404
18262
18866
17694
9181
13438
9572
11387
9845
17685
2302
9542
8281
48
8532
5122
19994
7998
7389
14441
2509
2712
13078
19579
6673
17310
4390
13915
872
11549
10457
10139
48
143
7803
13181
16144
14155
12280
14977
1142
19795
15324
14078
15052
18267
2059
8777
8731
15049
9358
6757
11806
16822
16268
1301
2626
18840
8525
2775
4108
17089
19262
5182
3814
4903
4973
5861
7842
18048
7961
4825
15385
12718
6907
9182
16659
9078
4210
12695
2300
16614
6348
80
11865
18721
11485
6687
11055
6809
9011
769
14551
15057
19002
12474
8288
8492
8509
9543
817
11812
13722
869
18318
12123
12574
1996
12051
8834
10502
8936
11466
18569
11218
1307
4185
4115
6457
8008
5804
14972
12405
11937
17193
12543
11085
14791
15716
6641
10256
15753
5429
15641
7453
9310
31
17419
19900
8251
4663
6413
9934
4489
18171
15801
14471
17952
16609
19069
11686
16002
1317
12188
11758
8620
17059
12465
11557
3303
3121
10759
15316
5560
11570
14395
711
2659
15648
13705
17813
4711
5989
18902
5499
6910
9603
7374
12274
18255
19138
15543
8936
17209
14567
10985
16288
8308
12342
16519
4255
12307
3761
17491
6411
13529
19520
15526
10524
11398
18520
10765
14572
11012
12638
8777
1065
1316
185
12906
9921
10863
17507
7370
19913
12300
13215
10801
9457
6983
13106
3911
18022
18900
7895
685
19050
8097
11796
19612
5704
14580
2916
6033
16413
3486
4745
8327
9885
6124
5595
1243
3490
19692
406
5089
5367
2223
6566
2295
18007
3888
7876
5477
10594
2061
17231
19502
11877
8019
119
8771
4927
16454
1530
2096
16510
5640
4067
1964
2825
598
529
14264
9117
11094
3171
18904
19633
18136
14383
16113
15029
4301
11472
3627
12341
9594
5183
4508
7515
13822
2436
19294
3770
9619
10448
1001
7990
5941
16515
3276
9250
13635
11767
512
7430
12429
6453
3070
13025
5513
9095
8757
753
11932
9119
12647
4886
18323
17735
4803
14732
15605
13680
6231
9055
9259
14132
3606
19992
18502
15116
17306
17886
16924
4269
7178
18054
15849
7358
162
1414
10226
4630
19901
160
2239
1836
10778
1854
17223
797
3190
7634
19472
18422
2417
6583
19977
18935
11400
18125
137
7404
1898
19691
5443
2621
17647
6570
2592
10661
15424
6556
5729
9705
8709
5073
1945
10581
17648
10765
1937
14594
6802
7513
8965
18000
5396
375
890
17669
6510
8148
6291
16460
8965
6981
2410
19360
15103
4207
6837
14903
18082
16931
15296
14922
12515
14449
18184
16434
6833
18875
19778
15170
16980
4436
10033
9982
1022
16914
12645
17098
2223
13711
2142
10068
15820
12464
6125
4930
5653
14734
10129
18797
17728
15479
1316
15867
3490
608
6842
717
11145
5981
19939
14802
12622
2599
8557
2557
164
19570
8583
2425
13506
18193
14771
3624
10282
13714
13077
7892
8268
18684
15637
5051
16502
19956
9102
6417
10278
3345
10110
11686
10045
1073
1142
12398
4434
4382
15869
8918
4972
1693
15554
13263
1590
14245
6037
132
16196
1223
19225
8328
17613
906
1810
4582
1362
9927
16344
7800
19524
19070
8257
6871
17975
15183
3872
7384
18228
12648
10373
5712
11607
16760
19604
11868
3655
6081
15103
16
213
2027
18890
11735
6130
461
11042
5826
11013
2441
1958
7256
2854
19883
6774
19895
14104
7605
17657
2495
16470
1963
16126
13419
19524
4307
821
7907
6479
12739
10060
1073
2479
1608
260
10181
15182
11279
6388
16664
8028
7118
19100
5544
3436
583
9527
5253
5865
5326
17077
18047
16733
8934
12626
8311
1687
2554
11795
15217
7212
18709
15245
3654
5588
16558
8030
14653
695
16032
5497
17492
11465
4009
12615
15781
7103
2266
6883
4712
14913
9649
19080
19003
1767
17281
15396
10162
7617
8585
14643
1919
16443
407
5749
16079
7352
7982
19932
12010
13422
7530
12519
15201
4508
17072
12882
11028
10595
11258
6316
10377
19241
11262
14056
1800
4993
14412
6450
16933
10678
9011
19018
5888
11282
11319
14944
9912
5126
2633
7462
2335
18980
11853
318
15130
18685
10055
5397
819
6589
1352
6758
13261
678
19702
10098
4049
4222
9010
11224
9137
11654
11737
17319
13401
16372
17139
9439
10405
7916
3681
3243
12023
15935
2852
13529
12572
8355
18464
8607
11502
13240
13846
5155
6387
1436
10461
1949
16855
18906
1441
5218
7733
9769
7159
17842
5675
10692
19879
5836
2373
6383
7008
10282
17533
15941
7022
14281
4327
12243
992
16686
17793
18333
1168
18749
3655
2211
10805
8486
2052
16958
871
13758
11741
9395
15118
6052
14046
16668
13463
8226
16632
787
15906
5469
6105
17899
8524
5738
6603
18529
7375
8730
7819
6537
19406
10837
1333
3570
12734
16057
19296
6844
2562
13442
16514
11511
19296
13983
574
13863
17257
6137
641
9120
7912
6781
1605
17470
7643
2676
11122
676
17584
3302
15051
4018
16803
13666
16447
13952
13374
3098
8600
19885
10496
5365
6969
14762
2415
19210
13381
13034
4653
2470
7536
40
2728
7580
10776
14012
17687
6963
1123
7432
14067
454
6479
3987
1114
6551
17210
8062
13871
677
15880
15831
6237
11527
603
11156
8972
11751
13959
7349
11410
19490
3186
19176
16000
18440
6068
14772
13871
10882
16552
16598
5235
10365
6926
7347
11686
10168
146
3110
2285
604
8699
18934
10143
4444
259
2672
14552
5536
1234
2416
9683
8406
13673
2987
17991
5146
13954
1173
19338
13151
11324
555
19605
2362
11159
18674
14557
216
1754
8167
1691
11363
14659
9455
12474
907
1006
18252
15489
3379
8004
11299
16355
1217
8194
2918
1813
11705
11009
7396
11047
6039
11789
15781
12423
1312
1419
13660
10442
8742
121
5745
14351
13308
13080
16275
1458
17291
11345
12513
16999
17937
11953
1341
3089
16391
9117
9911
1596
17835
6688
2725
1567
12251
9158
1104
13125
13409
11609
13813
12843
19017
14248
8925
16488
18833
16199
2115
13413
2298
11297
9825
17620
14780
15122
14319
11847
2807
4083
11248
7775
4299
18034
9862
18593
17511
5502
18899
15243
16769
10670
3867
18352
7523
16051
11229
5247
5472
9900
13170
17838
798
18633
19526
4829
2226
2137
1026
1917
15374
2161
13215
52
16489
11250
5454
8958
3759
6328
5324
2597
14304
285
16168
19735
2985
7703
2298
17184
5776
14187
3696
15488
15522
17416
4651
15306
10603
837
12826
2155
10546
1978
10502
11937
1631
19198
8181
11048
1122
6061
2524
14209
8581
12881
12182
2391
11314
2038
7073
6173
7600
1912
9170
476
1390
8695
4116
15953
465
18825
16340
19516
17552
9480
16030
17235
17234
5211
6581
6400
2207
12366
667
1665
3275
11700
17568
8925
5961
6233
12284
16291
3207
3393
775
7398
5104
4895
10651
6505
445
2347
9383
4357
15700
12562
4318
17883
8103
8279
3241
16704
7316
8471
19132
5299
10565
11863
14682
11030
7197
356
17696
15277
404
7643
16208
16185
18017
13432
7125
2062
13323
13804
9255
12792
14678
3337
5010
14140
6858
2388
6005
14943
10134
6045
16112
7902
10467
3103
4363
15841
7509
12009
2378
18005
14574
14704
4312
6676
389
8788
1275
12108
2159
7572
19930
11790
7661
10671
17361
3218
16120
5770
12499
15240
6461
18997
477
4609
19040
10991
1659
7776
13930
12141
13792
14040
18514
2803
18778
8942
7239
692
10669
249
15897
14782
15155
3679
5285
11015
19718
3129
1408
7297
16421
7690
5554
16261
3432
15408
7283
12594
7498
8972
1022
11095
6859
10307
15167
2218
14662
16491
10926
13123
2223
5627
4115
12873
3850
7350
356
4785
6120
863
18081
9283
824
10482
101
17291
14422
4227
16594
9252
9294
11237
11638
1628
8076
2037
15806
8097
8048
9420
17362
13200
9837
13449
9044
16896
6624
3767
8429
174
10010
8272
7269
8989
1005
19842
1870
15856
18329
7013
15078
14790
14224
13897
10604
15673
4578
517
18986
2396
4281
172
6812
4982
6730
7255
18304
12080
16600
12224
577
19267
5932
5536
8110
6975
11261
5546
15965
8519
2808
1050
3048
9026
749
5220
14480
10486
7883
2277
3059
6945
13746
2276
6700
15793
1085
5728
10268
13217
6198
5484
6487
18264
19647
17111
1665
18078
3092
3377
16158
2155
12461
13539
11889
2331
4601
18247
520
9167
11097
11427
9782
1254
2186
10442
1274
15146
9919
1066
2228
14692
5678
6343
11913
6422
9826
10959
14891
876
5646
5979
17232
8396
5433
12099
10529
18310
1492
9923
10887
15294
17971
6324
2933
14346
4971
14539
1749
6496
521
16166
1816
5928
13867
761
18773
17379
10384
19836
9555
3281
11122
9780
8847
14083
4622
4560
3151
14530
5392
18253
12526
14680
14064
5398
9944
7325
15169
13391
18575
2791
4605
7275
2109
11725
18948
12310
410
6550
9382
3589
12390
5120
2710
10301
9316
15163
19841
8316
4511
19184
8024
15805
6126
10417
19073
4608
18717
8151
12697
2603
2145
9845
14524
8140
17040
10133
16819
19969
5434
1311
14628
13747
18974
3914
15718
3277
3021
9058
1009
19543
12279
18846
95
2862
4532
15268
10327
6460
6319
16525
5466
5097
12471
13726
13400
13222
97
12721
18948
8617
7731
19726
18085
4969
16777
13338
8293
17853
4560
11478
14758
4270
14001
13049
10413
12060
11588
15082
18403
10542
3269
16035
12595
3196
5256
5131
1105
1081
8106
5221
3164
6928
6157
4638
13902
460
601
16619
15887
12450
12328
1648
8998
18925
16177
9970
7424
5216
4733
5566
13609
7185
9527
10967
779
686
17020
3746
12603
4057
12984
2692
12195
15049
1967
18245
17488
6595
11731
2871
1431
19687
4039
9539
3101
10288
18640
4665
14041
4414
16306
10224
4154
17732
12916
17066
1868
18616
16465
14869
13070
7346
16909
13115
19131
10316
1654
718
15127
3311
740
17892
14540
17367
10738
19210
4123
11169
14005
7606
5459
18104
6615
2
11468
5814
13905
1276
9467
4119
6993
10831
14528
1828
5553
16349
1315
9982
18198
11591
16262
9024
2769
720
15120
9782
2694
3858
11334
17593
3108
16026
11589
9970
6130
17378
15287
18011
1177
12679
2838
17210
1162
5988
5727
3981
11512
153
355
17821
13035
19681
10703
17162
15319
16557
16949
5743
9372
10581
755
8061
2343
1493
334
14295
16700
16819
4114
3972
1407
17451
12846
15731
11920
17229
13441
10895
14003
4781
19233
16330
10806
9670
19965
13847
19520
5250
2284
3017
8435
13059
9500
1881
16045
8634
6941
3815
8760
8509
326
10726
15656
110
13413
15809
19140
13964
9349
10539
9286
16464
360
13456
3722
15962
14071
19592
7687
14575
4394
10787
7938
1622
15019
17612
2369
1790
11844
6956
18640
4132
18817
5962
5744
1347
8331
13841
3859
12130
18924
9121
15182
963
16103
16035
11387
8012
10901
8930
1883
13645
3964
8884
1564
4353
7568
18567
14127
2518
1718
10208
9507
16117
14391
2596
15579
3841
16750
13861
9824
13968
4783
14391
3489
16752
7706
16239
15030
6400
97
2706
6814
17023
7085
8623
5039
17191
19154
13723
12335
9098
1642
6974
7537
2934
11648
176
5545
7807
8439
1881
9235
12199
6856
10588
2103
5313
18176
14774
7193
14232
19273
15589
3818
946
12142
5048
14752
19232
1825
4366
1245
2039
15692
8611
11822
19207
14739
14323
3886
8975
4262
8503
216
9004
13256
13543
12941
18599
1036
12190
10209
10348
13218
3313
8473
4709
2986
17175
4270
12927
10014
2116
8937
10225
15290
16514
9918
6534
9370
13842
417
16092
5335
2047
4726
10984
15824
14909
441
5971
296
3189
19449
14369
11887
19016
2916
6116
3760
15604
10846
13648
1947
17231
13747
3992
1794
5935
9233
14692
5820
4520
5090
16740
5399
19928
18445
10727
16247
10216
7888
6646
13825
19099
17908
3377
15118
5003
9867
18223
17175
3463
15051
13696
3888
9783
19500
2346
15975
4501
18555
10044
6350
7694
18419
12055
14272
11878
2168
11531
19924
15751
6363
16160
17101
14067
13727
10866
6768
1852
3192
14882
2045
2895
16000
5162
11442
9305
12637
10295
955
5517
15785
8339
14147
18707
19474
16119
18945
18738
1852
6602
10701
4015
16818
17889
9472
15660
17461
5921
8493
2003
4883
1556
16913
9966
9174
2511
448
8421
5813
10941
13132
18868
9845
14199
13158
4270
5096
12963
9970
4994
9664
15253
6543
16120
15641
2393
15188
14746
12164
5083
19285
13322
9805
9990
5061
16279
10908
10966
2855
10089
19996
7080
4663
10263
6502
19069
10878
10177
9944
7328
1841
10367
8128
8505
15352
4648
14698
10121
18085
1255
9243
13442
9840
10869
7490
19997
18361
10877
2179
19291
8185
14860
14706
4415
11377
7332
15005
9401
12292
17775
6470
16484
15328
12986
15825
3145
14521
424
15812
15878
17226
19617
10995
4199
13554
9573
15135
10119
6180
7971
887
7717
18831
263
17274
10901
1205
5702
7122
2248
13550
14876
13601
18670
11431
193
14172
15350
9773
19213
3210
622
10183
7390
14762
2768
5024
6976
17537
7860
3633
13935
325
18498
11454
17729
1810
9933
7691
6296
1489
10298
10559
8760
2213
15977
6172
13218
18347
6810
2507
13383
14704
10380
12942
15100
1869
17194
6567
2053
1067
6336
13659
5430
8086
19484
2969
15238
4313
14469
3943
15545
15534
17381
1624
13689
10375
5446
10929
15912
4798
14003
4651
13074
1724
9742
16614
3781
13802
19930
18459
15013
7680
4617
12008
15672
3480
8103
17021
7470
16068
4077
8204
2262
18916
3307
15891
16413
11840
6946
8559
11525
7455
19627
8183
9956
2943
14486
382
8515
14079
15216
13494
4048
9733
6239
10751
14715
9691
3901
16126
18254
679
1488
9956
18194
16340
12479
9697
2663
12552
18980
1712
7405
13674
17459
11311
19828
14995
7695
277
10585
19596
11414
8763
7221
5581
10152
442
8627
6091
12346
7521
9181
3217
17869
2148
7719
14782
1868
19390
17902
4396
2199
16072
896
4934
8353
716
664
14222
18350
14920
9748
6595
12501
3810
14640
1000
448
11238
10360
19441
3774
8
10096
14181
19817
18601
6666
1692
9325
8137
4066
8107
85
863
8993
6554
9068
14943
161
3337
6382
5895
16688
1868
19962
14354
17203
11560
13947
14660
1969
9063
17117
461
7268
10156
11231
11879
9613
2199
12460
12101
12656
3700
1199
7296
11050
2341
17396
4686
6879
828
6286
3326
5959
14186
2368
10622
144
2595
18774
42
2877
1981
4888
16002
12769
17345
3800
16800
6486
331
3993
1551
8189
17487
18134
15220
4663
5962
8793
16565
17693
3161
9657
1537
15567
167
7567
2798
10901
3837
10879
4785
3987
4464
18522
19500
16878
19382
8708
1507
14580
13374
9185
14715
13816
10491
7561
2812
18719
3793
12345
11054
17977
7009
5342
6302
4315
14092
17341
16143
11130
2509
15986
12159
14248
14314
4367
19264
4132
12939
18614
8289
12721
15547
4566
2691
7745
15181
5172
8080
15836
18463
15588
3373
4990
8568
14535
7711
7782
18427
734
15872
2476
8300
2099
11584
4570
4392
11932
5549
18555
8818
16
13296
1617
17187
17164
10822
9746
15152
2673
15558
2388
12979
10711
8653
19108
1124
2358
5926
3502
2516
4136
8632
4145
10393
13117
12118
5240
5338
7021
16903
6762
10422
13880
1698
7800
10731
11759
15631
11938
14927
19349
12401
16490
7745
16801
4242
18210
3676
14254
8322
3913
7266
8946
2036
14352
1876
3388
6405
1446
14095
6638
18320
4365
12346
18037
8348
274
8885
11958
16758
9669
10653
11927
6123
4384
1970
18468
10614
5523
2025
9251
10175
16446
12141
6955
3154
8810
18706
11033
9397
13664
8957
4218
9558
14535
7280
17704
9698
2887
4968
2457
6688
4080
14964
7372
6422
19807
18746
285
16947
10877
7012
2311
11168
14791
17297
34
11661
7746
15588
8881
4864
17998
10711
6438
16346
8146
5485
15345
13493
14493
2312
18152
8180
10960
5596
10617
6228
6462
10578
10805
18169
25
18922
18356
8159
15716
19919
16309
2675
7524
17906
7151
7832
9259
12792
6960
18981
14340
7915
15365
14917
10571
10639
18874
9854
5628
16428
8462
9645
197
7381
6466
15794
8621
1198
9870
9774
9070
15833
12533
3363
309
16274
7999
5799
9017
19870
5718
16127
9279
9611
827
11841
14152
7735
4552
1719
8305
7520
18853
1577
6178
125
18561
16509
18819
7481
9375
5774
12109
19400
9668
6236
16083
13109
7835
8131
13886
6067
4857
1456
1631
19395
6230
1891
19199
13200
5647
18624
11046
2031
2812
1872
2616
13778
7110
19839
6748
12048
19730
4503
2793
18490
15209
19007
2405
3941
13203
18096
19160
838
609
7621
2934
11942
14888
122
7890
1368
9156
5521
4172
12579
12736
12553
9412
19355
15712
6908
14440
15138
16477
11200
4761
16416
9920
19403
7803
7019
8113
346
15106
6777
16265
6856
16159
4011
253
17812
5294
11820
12369
2476
12363
12254
18482
17558
17234
18411
9157
9688
9082
823
12094
1621
11598
1470
3460
3808
19146
13444
8581
7228
9034
2952
18445
12513
18473
6360
18516
13542
14468
9971
13509
18858
7577
15391
670
19562
14648
3563
14011
2881
15190
853
9191
12922
19596
9890
12152
13148
4177
15825
1307
4186
8263
8552
10689
5835
11691
13666
12308
12676
9486
11813
12587
11833
9413
17040
13750
17997
458
9051
6194
10888
17581
5285
19015
5436
15499
4741
7453
9850
5032
473
17663
10657
10942
5583
6929
17429
6820
2404
10117
11932
12465
4905
16377
19820
11598
7898
8017
13103
18679
1063
16197
4011
9945
13223
9202
16725
6221
18893
5621
87
12506
14563
11015
13026
4562
1968
6170
7073
10057
8381
6980
11122
19602
4689
5502
2800
13517
13307
17463
1134
1476
14045
14115
1616
11579
6053
15187
16606
13147
3150
15426
18849
4981
14956
17725
15962
11999
6972
15373
17440
2038
5458
17012
7908
9069
930
4089
19978
5976
19408
17296
10777
13007
14094
9787
16582
12916
10849
320
11012
6028
5312
5047
18532
15913
725
16652
13950
16589
18813
2513
13412
4219
11382
5365
175
15112
15309
16315
17874
12626
18259
19051
3174
7494
9665
5331
3046
5605
11275
6087
15704
6520
15917
11158
17669
17377
229
15709
2415
11751
12533
2678
7612
11446
7928
13889
8444
3116
18884
16928
19484
18072
18608
4256
12014
6661
7570
13698
6996
9649
19383
8117
16374
930
5801
15210
14182
12881
13972
2255
8951
8616
13156
3598
2688
12834
19846
12052
13874
13184
12012
5384
6777
17753
4485
13618
17897
417
16964
5170
9269
6972
5382
513
6809
9802
3395
16678
13891
9066
16131
19682
13308
10440
4416
14184
2382
18469
13765
18445
9845
2078
511
382
19843
12557
13689
11429
8854
19494
4666
2072
8446
14216
13345
15292
19551
15584
5756
1429
6991
342
8482
8480
9040
7232
5759
16265
19491
12775
7101
11702
5778
13340
6786
18504
19860
2369
15721
13139
17494
15425
8379
11999
5397
6826
4176
244
11074
2484
13191
2214
6280
7188
6675
19785
686
19260
7532
9474
5231
13090
8427
6265
8413
9942
1245
2507
521
18784
5997
8094
118
6115
10356
7844
19390
5496
181
6615
13962
6281
19280
16754
3760
19604
13766
2294
15460
159
1985
11617
3328
4725
16086
15522
9806
13466
6386
6976
19173
14762
17512
1207
17916
15387
17541
2194
6390
7078
4511
11087
9529
15104
2708
1963
3968
5863
11028
17970
9619
7401
7901
7019
259
2987
4571
1302
6857
6960
8379
17006
14290
8404
19207
15442
3995
18038
4205
14742
9178
18350
2016
19269
6341
14613
18927
5992
19186
17389
4991
11805
16472
17893
6314
19703
6031
4102
18122
9257
10346
9490
7005
10976
19002
15076
1861
14002
15428
17326
18513
15384
4060
6061
16315
17194
15498
12727
14614
12649
3026
6870
9879
7937
4128
19805
2025
11321
12147
3414
1356
15204
4812
4892
1721
11385
2542
12930
13285
1016
8374
16485
6194
19939
8376
18987
10229
9176
6825
5577
3111
6449
3457
7600
17165
6648
19647
4669
10433
15358
5861
2040
9256
19776
8581
17148
6791
2764
17929
16689
2729
5228
9709
17991
5880
6512
17206
7785
12601
17642
18531
8439
5566
14788
4059
5826
18154
2276
9273
12119
15883
14882
3775
3905
14527
14768
15701
6678
19232
1985
331
9519
4295
1770
9080
18384
15677
17781
12128
16134
2566
16751
10255
15081
13846
9175
12880
13191
12487
13315
8077
701
17127
4239
16590
5977
3637
9975
19091
17126
19760
17940
11781
9276
9065
815
12697
9624
15060
1098
18575
18832
1852
17515
19610
12247
19468
6428
13716
14838
19902
3652
8257
11768
13054
1990
12318
969
17748
17517
19
18039
11677
12795
5378
4488
7348
7942
17608
10029
5780
5284
1154
11014
1816
2892
12079
14328
12273
1113
10458
11024
9984
7131
5057
11060
7696
4659
4106
6742
12217
4507
18923
13869
19653
13073
1569
18490
14697
1237
11897
679
434
10264
16972
15480
14857
5422
8506
19024
12322
10511
4182
17340
12342
9826
10555
15376
19734
526
4562
5885
560
11035
3363
17044
12274
7580
3852
16102
4148
18046
17078
13054
919
4543
7138
13398
6533
160
6281
8603
19610
4145
12789
2635
11470
1219
6760
1079
13251
5466
10149
4751
9180
15502
12388
10600
1339
17558
9734
7007
3732
2518
14539
17898
9990
19093
15036
12944
19162
13988
5817
12690
9788
15199
590
5084
7813
18867
8948
14453
5230
15082
3093
12765
4193
3368
15825
13667
904
6392
15331
17870
17075
19043
9987
3627
3792
1490
15125
15409
7900
3621
12313
14076
8287
16543
19746
14976
14055
14129
19243
4459
7241
2939
15266
3194
5621
11978
16194
1142
18767
5706
6952
7728
2180
3044
15218
11680
7829
8061
6266
11345
14533
4738
14148
11455
10119
3442
19450
16594
19147
4058
13935
14442
11781
9272
15263
16167
3385
7633
18763
1027
19161
16894
1365
12716
15566
4867
3708
12273
2442
19488
14810
15982
3793
12855
14431
4190
3125
18806
5305
18054
14681
8382
17598
14948
911
10698
10084
2138
18739
11786
7605
6375
8914
14519
7216
986
5491
5635
8438
2797
13598
12605
5036
14719
12632
12742
821
13399
4869
8417
8219
2865
1877
12457
11642
7494
9889
17862
16621
1531
2151
6909
2544
13474
15452
246
77
11961
14216
18785
13214
15717
16277
3061
6989
8632
15500
468
752
13746
1641
9887
17306
821
7280
17065
5200
8127
9842
16124
5941
18391
15110
5136
11357
7369
13039
14683
17699
6082
7574
17088
6795
14422
2839
19928
2040
9059
7962
8133
5658
4961
9343
3171
7961
4228
17854
5301
19545
12571
5225
9359
1402
435
6546
17057
2225
14663
11702
17416
8242
19906
9526
14081
8954
6579
14397
8367
7000
2559
12308
66
19558
14006
13936
12025
16474
6558
6634
8156
6335
19224
13009
17992
19757
15346
10267
16767
8818
16204
7127
13443
14013
6478
15425
10272
3914
4710
7283
14323
6538
12941
9364
747
5135
2407
9516
5685
19497
13411
0
19882
6144
306
840
18292
255
13701
14677
9148
11753
8018
8446
19721
14009
5899
8707
2826
13481
10083
11330
7155
14021
8703
14883
8063
15606
10313
11602
6684
15518
9769
1092
17216
12011
8470
14000
13020
15535
15214
18142
9524
6507
3094
16729
831
18915
4775
13154
12623
19931
13071
18684
12537
7236
19437
16811
7710
1220
14565
9073
5590
10415
923
16617
1834
10228
18308
16681
5363
1476
13041
7128
9499
4337
17984
14088
18972
15763
19053
16827
11927
5383
10947
6019
3366
18511
6812
7029
2798
11685
6542
5957
18752
14560
19801
3030
4004
8459
16844
10828
14368
8081
3634
11037
1159
3569
9786
13980
1414
7444
5125
4492
8293
4795
731
15779
1021
17356
17855
2438
7405
11434
10332
4705
16288
18631
2932
4421
11543
14058
2153
43
4234
14162
3709
14351
2081
3799
18181
12154
17051
4923
3579
14226
8117
4686
10826
19646
8230
9154
2179
6001
10356
14449
11106
6260
16536
13204
9633
2774
8337
7847
11739
6699
19553
19373
4357
1311
19566
570
7849
10920
17916
3019
13864
19286
9625
17403
8142
7826
13495
8379
59
14465
4493
7064
12801
8442
7539
8962
18822
9602
7723
2093
10331
8029
16311
14110
1623
19568
13907
4098
8558
15133
16740
6545
17544
9626
8049
6289
3451
16623
3054
2679
19467
10880
9452
18553
18945
18682
1218
2462
7775
6426
16995
11853
6110
13071
6608
11414
5304
2828
15385
377
6894
10575
10499
16198
3150
338
19691
14681
3113
14240
14545
14820
8527
6122
11627
12376
10685
17850
9832
15366
10005
11338
7795
1412
16308
14788
11597
11543
10945
19435
15190
7989
8194
15257
18672
9572
1766
17487
1337
360
18984
15227
10489
3497
16822
16720
13601
4609
12878
16726
2112
2338
9852
8526
9375
5797
26
3409
15508
12005
11754
7170
11758
12603
13443
2230
2200
15840
6150
13580
937
1656
13419
12044
13126
4214
18812
2587
2293
7214
10239
1469
15000
14269
17030
4999
10757
3408
9617
9952
19346
3344
10324
18098
1516
13215
6288
17010
8729
5086
1661
8244
5523
12738
17285
14215
7225
1493
1690
11793
10560
17104
7473
8263
2872
19699
5238
14547
13078
4821
9563
3891
13285
13698
9017
311
17388
1917
16260
1418
5613
5702
15626
10324
14578
11016
12223
14384
2104
17321
16104
18904
7268
16063
11232
19812
9782
17541
11940
18515
111
3486
10399
18291
9804
395
11182
1618
17854
8339
15566
4460
11921
1830
6525
17833
4036
12244
10080
6275
12206
4983
8701
13256
19601
4328
569
10434
7544
5668
14687
102
2832
18356
18234
8639
17206
4275
11500
2561
205
18451
17622
9326
3981
14086
17598
11111
1624
16606
11785
14972
19348
18218
18941
5310
11203
2711
2528
914
11075
15639
4771
7073
15883
14842
8983
2098
3785
2806
18494
16180
10191
4092
16317
4419
17214
15307
7535
18021
19523
10857
1350
16329
6722
17413
12374
2335
10701
10705
16887
9761
16115
14093
19352
18754
14469
8415
4707
16870
12200
11601
4527
2979
14343
10968
5305
5773
2224
2079
16844
3936
14726
16717
14714
11515
9677
3306
10893
14603
12499
14601
1323
1952
12124
19769
6972
12936
3328
14946
5187
11317
17992
625
11626
19169
8714
18392
15089
18430
4890
14245
18238
10569
10593
15293
11216
80
14581
15741
13328
19092
14011
14091
14867
19701
17894
788
19470
1487
15994
18386
914
4499
8994
1364
18890
17704
12063
625
17368
13150
16860
8916
17020
4812
18478
5340
6120
18026
10591
19447
13310
11109
18166
6602
19207
19552
11801
15091
9059
4288
11945
7857
8104
11133
9087
12233
17367
4067
3912
19390
18562
19972
14580
19369
3951
13391
16049
13124
12904
7149
13926
7839
10474
12187
12707
4059
8636
11690
15081
18999
16829
231
3617
4067
7970
17557
12155
1289
6666
2511
19742
1547
16691
11325
12015
6001
5110
14838
10055
17803
16248
3644
12936
12773
12113
6617
11492
15977
9811
10393
19748
5265
3526
13958
14146
10538
6728
18912
2027
15916
14368
15461
13440
11066
12377
7943
981
11610
481
6177
13560
4670
18154
550
19285
12586
3716
6846
556
7522
2291
13291
18361
14121
8199
12430
10753
15407
10992
7401
5188
5753
6299
14522
4706
13976
12058
7238
10571
15172
17065
19581
6153
11772
17588
15370
14406
11635
3421
14856
18859
19314
13553
6913
2768
18114
5618
15099
202
19439
3034
5367
12245
13511
1108
5148
13669
16792
4554
3814
9693
14650
18620
13955
15789
16620
18793
7034
12571
18088
15525
14495
14975
10494
12269
9743
213
10422
8397
8336
16797
6450
1215
12220
9119
16196
15588
17962
7656
17125
8532
8380
18215
9650
1887
19625
1313
18645
6183
18165
12960
852
9231
1514
860
10983
2732
5239
5653
7964
3292
3986
9716
14443
19329
10475
4522
17574
15653
19210
10664
13733
17972
6122
16790
2110
17019
6918
2077
5338
15492
4808
3038
15373
3712
17678
17364
11304
17477
6050
3167
15612
9173
16249
9092
221
4936
9768
9233
4557
2330
134
15183
2740
10221
13326
11148
18477
9226
9586
7217
18268
13434
3826
7703
5360
3455
10522
14654
744
4382
13764
12005
16195
11530
4056
488
4744
12164
9226
7383
9473
7764
19931
11409
2676
17439
696
14059
12060
10544
5388
12996
6991
6216
16519
14600
8053
3476
1869
1876
8839
3960
16981
11708
13166
8913
14621
17211
14960
15473
7557
10032
1888
1588
18807
13594
10525
12932
15236
11172
17282
4351
8361
7178
8260
19797
1676
12832
9317
17221
13416
12037
15419
15744
3831
17804
3520
9244
17982
1613
12890
12720
10264
2391
3769
18083
19956
1479
8182
2066
12181
1579
19280
16718
19668
10998
16260
8794
2187
5148
19634
934
5011
1422
16231
8937
18338
14481
15252
17430
12576
12177
11294
3738
6295
7251
8610
5979
4653
14904
2617
2622
6857
5618
8158
19635
7949
9104
17014
5379
13562
6523
789
19697
14258
1260
10721
4238
8282
2461
4101
15365
18932
10467
11432
15339
17797
13061
17865
9605
14359
8389
1794
2350
11948
2689
1673
7072
5623
1114
6532
3602
12372
13585
498
15270
5613
7627
13669
7074
11553
18414
16157
17274
3005
3997
7585
864
934
877
2421
5686
13547
5749
18298
12548
4705
2225
4124
15116
4559
19307
8400
17794
6876
11922
8044
18099
8688
11999
13743
13811
10590
13817
1167
12644
11312
1299
2579
19309
5994
15941
7735
1500
4534
16063
17797
9270
18849
132
19855
2942
1221
3356
1293
9126
16774
3394
10205
4422
12291
8351
12595
6929
380
10202
10815
5156
11115
18408
10926
628
14159
11310
334
14837
2095
14222
12824
18873
10212
2703
3319
13011
1776
5814
17741
18756
1012
19397
17945
8951
15812
12833
15778
312
3683
4951
13817
5791
14379
1791
10173
314
5148
5714
3190
18247
8550
3243
5247
4776
13384
14804
4851
11333
2584
5000
8071
2355
10702
2597
1438
18493
16593
19958
3631
4474
9441
10489
11903
5261
420
18355
11417
10157
907
16054
14733
9723
12937
3362
1542
552
3212
7810
9889
9733
15704
11786
13797
7527
1271
5401
13200
9558
11027
9139
15346
17933
10392
5419
14584
8591
19682
7523
19371
6989
10100
8067
16162
6569
12989
11718
19190
6202
13196
17384
15703
2007
813
13944
7597
13835
19284
1206
19145
17097
10153
14461
13089
1125
17964
10077
7642
14875
16971
17157
9851
5987
17031
13071
7879
3996
12722
14754
3970
3430
16012
3944
14324
12381
7745
8827
15044
3571
11631
15238
988
9702
749
11286
19760
17748
14079
15234
4763
11182
8841
18129
3820
1890
14150
13273
3523
4175
18191
14615
4660
4628
1724
4406
7507
10595
2672
4240
8963
17837
3471
3008
8269
2463
5684
2653
92
149
1310
15751
1860
8030
19461
10297
11413
7159
4296
5933
4524
7383
14232
7475
9507
16865
19375
1056
8106
7665
1551
19774
2856
262
4652
9597
3646
13564
9800
6786
11011
3995
3332
16327
4383
11087
1112
9081
6622
2504
622
2062
8061
19988
8758
4960
15691
18957
1870
5109
19654
8636
18567
153
6915
8032
14784
2766
7034
2468
657
11195
13192
2079
2327
3424
15013
1914
7806
11451
19607
15073
11712
10038
14561
7028
11084
7611
5672
488
17486
5173
10974
1648
11565
4170
105
10731
14868
12090
6231
6068
10946
2107
18279
1168
10838
1216
14763
11558
14626
9845
9382
12643
9503
4016
13092
8341
16321
16214
13866
14314
7910
12912
6289
14593
17695
12309
10773
8485
7420
10979
15584
9802
10431
3135
13583
14958
11218
7874
7191
16719
18890
