1880
1481
979
158
382
1060
1171
244
309
945
1891
616
358
896
86
1620
909
164
1413
590
53
554
1637
760
738
1716
769
447
451
247
621
66
587
704
570
1535
1007
415
1346
1736
1652
906
937
1499
421
958
1501
842
571
930
710
727
1380
128
1262
414
539
786
1757
149
406
363
655
1208
1256
952
1713
502
1882
354
103
699
1780
1503
1426
546
897
1566
187
910
1424
1241
1424
1374
709
584
1086
1093
447
30
199
700
925
25
1266
1810
238
522
16
1099
1517
1694
1857
1575
1289
986
785
154
1197
1898
1995
560
1178
235
27
462
1374
885
571
1502
138
1316
1976
1843
733
45
724
1784
1645
1784
1811
773
229
816
1415
230
1438
1785
229
636
1764
1776
1161
1626
1744
1386
1073
739
759
1395
520
1040
507
1770
685
1115
773
898
1306
998
1911
1853
166
1919
773
1594
915
435
1352
1043
1647
84
754
1884
1690
249
1297
711
1956
544
670
694
1960
951
1585
968
1964
1606
403
1409
653
166
712
588
231
1251
1067
929
378
556
737
734
1126
967
1988
870
806
931
1510
1301
1569
154
830
1532
891
1248
1116
192
1167
579
822
1445
1427
690
599
1600
215
1083
1332
1161
503
150
1131
804
1716
1575
687
1330
1680
1411
1095
805
555
996
454
1414
764
694
392
895
1463
397
1005
2001
1710
505
1603
109
754
92
920
539
1525
374
206
561
504
577
378
1936
1128
355
865
1832
1711
284
318
675
749
83
1293
1919
1560
974
1338
1626
841
1715
103
199
999
1198
138
459
826
286
1389
1198
1216
1328
892
1421
912
707
1611
1751
460
1014
1484
1650
1619
1712
565
595
1110
620
567
1825
1689
1651
1430
1180
707
1299
1204
1403
1267
1387
42
967
620
167
234
736
651
555
124
1647
93
964
160
447
866
277
1317
1240
74
142
422
1358
521
140
1051
69
339
654
1675
1981
1497
1366
1263
1324
350
1824
633
874
938
437
686
1142
1800
1616
1926
1503
430
223
427
409
1365
1232
1208
869
409
896
1155
1220
888
129
80
962
1101
938
14
1136
284
1043
648
149
1458
769
1860
1595
1806
1949
32
1253
1762
1326
1117
785
1201
461
1784
951
669
4
1439
545
1326
662
1977
1706
412
1705
1512
178
1648
312
1132
1826
767
1666
206
1758
296
1568
752
808
346
697
811
517
977
1681
1971
295
1613
1296
1096
487
1562
1069
83
1663
481
580
503
1901
1964
1117
1029
644
480
546
1196
360
1984
171
748
617
1277
459
58
622
372
1029
1453
487
1178
1578
481
1228
933
312
527
1828
1673
1450
339
908
651
671
634
876
1519
1670
1473
1126
400
35
1331
307
1362
666
789
1128
1681
1545
1293
762
393
6
1277
217
564
651
1070
672
1038
378
1833
1712
1763
913
203
1619
1794
588
3
1427
380
819
161
983
150
138
432
772
1148
1201
319
1668
182
448
564
110
1820
750
4
957
728
1140
1281
3
1972
1934
160
1329
683
1235
834
94
1441
1276
1627
1387
1425
1370
406
370
1880
790
1608
98
1804
1286
1275
181
969
255
772
898
500
984
293
1933
1128
647
111
119
1774
1548
814
74
575
1071
1019
1114
1076
125
718
1054
1377
174
1670
441
966
1441
1166
911
1340
1247
705
1105
1911
1921
550
1507
206
90
1174
355
266
389
1529
570
1872
8
1154
105
1724
775
365
1866
77
739
585
1599
293
1881
1822
191
729
350
431
405
679
1478
1382
1307
1894
1042
1577
1217
358
1937
1145
540
117
603
121
337
222
830
1738
365
422
315
1703
922
262
604
181
218
590
742
1518
415
613
1820
1384
1326
1807
1594
86
17
889
1988
585
367
1919
70
1185
926
1136
262
1877
740
1205
842
1536
121
121
665
1583
1317
1191
112
469
166
1784
1030
1530
1678
1124
1147
442
1148
805
387
1861
1044
990
661
152
1779
1149
1410
1965
1694
1495
1459
327
266
962
770
296
899
41
1994
376
24
190
923
87
1746
1336
1116
1192
1186
1429
1185
583
343
1190
1126
1442
88
1252
1849
1332
147
570
1574
487
288
1914
1772
1489
527
1506
429
496
1979
650
1462
608
1600
799
491
85
1250
454
1111
649
960
799
151
643
1480
1064
54
851
945
1787
76
1831
895
73
947
1992
222
421
1690
767
1909
1376
1621
1350
80
1881
1338
1917
1820
1567
753
229
327
323
780
147
1496
478
1350
1878
104
627
1122
638
1420
1686
88
380
326
1481
21
940
755
685
223
49
172
757
181
1438
1510
308
1153
453
1184
676
533
1562
340
872
1263
231
1737
655
1487
1968
738
1265
1265
329
1734
702
1281
1447
700
1582
86
38
1653
599
943
1510
412
605
1337
838
1025
304
1875
1356
504
1479
1845
661
1211
297
1276
539
1533
334
733
381
1102
811
107
159
90
1772
347
1463
520
445
443
1913
1248
1998
145
545
997
1525
375
869
675
1823
1315
1463
873
355
374
976
942
1919
564
1660
1872
1048
1577
1609
498
866
79
1308
1717
1683
552
1361
834
1632
2002
1523
192
799
1281
1884
1047
1298
886
1708
1310
616
1395
82
1440
1151
1552
1736
1929
777
1015
1557
1270
716
975
976
1811
1157
1687
1186
509
1144
612
1838
891
1996
1791
897
963
1142
1353
829
856
273
61
1246
1255
462
933
351
1625
1314
1315
1537
566
44
212
