1
2
8
12
22
31
35
48
48
49
50
55
58
59
66
67
70
91
94
97
102
104
106
106
108
115
116
120
120
127
131
143
155
158
159
159
162
167
167
173
189
190
190
192
194
199
199
208
210
222
226
236
238
243
262
262
263
265
265
270
271
272
288
292
294
303
305
314
316
329
338
339
339
346
352
363
372
373
375
379
385
385
403
406
408
410
412
413
413
414
418
419
420
434
438
452
454
455
457
457
460
468
479
482
484
491
492
493
495
501
505
505
508
508
509
513
516
517
523
525
535
536
537
538
563
574
575
582
586
587
599
611
618
626
627
634
634
635
648
648
649
650
652
653
662
666
667
673
675
687
691
695
695
700
702
703
711
712
713
717
717
717
723
737
739
743
744
745
760
764
764
772
775
781
786
790
795
795
798
807
807
809
814
815
822
823
825
827
830
834
839
840
843
848
849
855
862
867
869
870
872
874
880
884
888
898
899
899
904
908
909
926
929
950
951
957
961
963
964
965
966
976
979
983
986
987
990
995
999
1001
1018
1020
1020
1020
1021
1024
1027
1034
1038
1041
1042
1048
1048
1057
1062
1063
1065
1065
1066
1070
1080
1091
1091
1094
1097
1099
1105
1105
1105
1108
1109
1109
1109
1125
1127
1142
1147
1151
1155
1162
1163
1163
1166
1168
1170
1180
1185
1189
1209
1213
1220
1231
1234
1238
1240
1244
1249
1251
1252
1257
1262
1264
1265
1266
1266
1269
1269
1271
1286
1289
1289
1291
1293
1298
1300
1300
1301
1309
1310
1315
1318
1322
1328
1328
1330
1337
1339
1339
1340
1340
1350
1351
1357
1358
1365
1368
1368
1368
1369
1371
1375
1377
1380
1386
1391
1391
1395
1401
1406
1408
1416
1417
1417
1417
1418
1421
1427
1429
1437
1441
1442
1445
1445
1447
1449
1450
1452
1453
1461
1466
1471
1472
1476
1478
1480
1481
1483
1483
1493
1498
1499
1501
1511
1512
1513
1525
1529
1531
1536
1539
1547
1548
1549
1549
1549
1563
1565
1567
1576
1587
1596
1599
1601
1604
1607
1608
1610
1612
1613
1615
1616
1617
1619
1620
1621
1625
1628
1635
1639
1639
1641
1642
1646
1647
1647
1650
1651
1655
1669
1670
1672
1676
1680
1682
1684
1684
1684
1684
1693
1695
1698
1699
1699
1700
1705
1707
1711
1713
1717
1717
1717
1722
1727
1730
1735
1746
1752
1760
1776
1778
1778
1780
1783
1785
1788
1794
1802
1804
1806
1806
1807
1808
1809
1815
1815
1816
1820
1821
1825
1827
1831
1839
1840
1844
1850
1855
1863
1866
1867
1889
1900
1910
1913
1916
1916
1918
1919
1926
1927
1939
1941
1943
1943
1945
1950
1958
1959
1962
1965
1965
1968
1973
1974
1976
1977
1979
1980
1994
1994
2003
2010
2014
2015
2022
2024
2027
2028
2030
2032
2033
2039
2043
2048
2049
2058
2059
2059
2068
2075
2078
2080
2088
2091
2095
2095
2112
2112
2119
2129
2129
2143
2147
2150
2153
2154
2154
2159
2170
2171
2174
2177
2177
2179
2193
2193
2198
2203
2209
2213
2217
2227
2229
2231
2231
2235
2236
2238
2245
2248
2250
2251
2253
2258
2259
2266
2269
2271
2283
2283
2286
2288
2292
2298
2302
2302
2304
2307
2314
2327
2329
2330
2335
2347
2348
2351
2355
2359
2360
2366
2370
2371
2373
2376
2377
2389
2397
2398
2410
2410
2415
2417
2428
2433
2435
2436
2440
2441
2462
2468
2475
2477
2478
2483
2483
2483
2497
2498
2501
2502
2503
2509
2511
2515
2519
2522
2526
2535
2540
2543
2544
2546
2547
2548
2550
2556
2557
2557
2557
2561
2562
2576
2581
2585
2586
2590
2592
2592
2593
2598
2599
2599
2603
2604
2605
2610
2610
2610
2611
2614
2614
2620
2626
2632
2638
2639
2640
2643
2644
2647
2647
2651
2652
2653
2654
2666
2666
2668
2673
2676
2678
2683
2688
2696
2700
2709
2709
2711
2712
2718
2721
2729
2729
2739
2739
2740
2743
2745
2755
2761
2761
2768
2768
2771
2775
2777
2780
2785
2790
2794
2798
2802
2805
2805
2806
2808
2810
2815
2821
2821
2827
2837
2838
2842
2854
2873
2876
2880
2882
2886
2906
2906
2907
2910
2911
2915
2932
2933
2937
2940
2945
2946
2957
2962
2965
2968
2974
2976
2977
2980
2981
2988
2988
2991
3000
3000
3016
3027
3028
3034
3034
3045
3045
3054
3056
3060
3062
3062
3063
3068
3068
3069
3074
3075
3076
3091
3110
3111
3113
3116
3123
3123
3126
3129
3129
3135
3144
3149
3158
3162
3163
3163
3165
3166
3178
3179
3190
3195
3202
3204
3205
3206
3212
3212
3219
3223
3225
3225
3226
3230
3231
3233
3237
3242
3246
3247
3252
3253
3254
3258
3258
3259
3269
3270
3272
3278
3282
3286
3288
3296
3297
3298
3303
3306
3310
3315
3318
3324
3329
3329
3334
3340
3341
3345
3347
3347
3349
3350
3352
3355
3356
3365
3368
3370
3373
3375
3379
3386
3395
3400
3401
3403
3408
3408
3413
3414
3414
3416
3418
3420
3427
3428
3435
3445
3448
3450
3456
3457
3461
3469
3475
3475
3482
3486
3488
3491
3491
3499
3505
3506
3533
3536
3537
3538
3550
3554
3555
3556
3558
3559
3560
3562
3567
3570
3571
3577
3585
3585
3586
3593
3603
3607
3608
3609
3616
3627
3629
3634
3648
3648
3653
3669
3671
3672
3673
3675
3675
3679
3680
3682
3688
3705
3718
3720
3724
3725
3728
3733
3739
3744
3747
3747
3771
3774
3790
3794
3796
3796
3797
3801
3807
3812
3814
3816
3818
3822
3828
3837
3839
3842
3843
3849
3861
3862
3871
3879
3880
3885
3887
3893
3893
3895
3906
3914
3914
3917
3919
3926
3930
3935
3938
3939
3945
3946
3950
3960
3961
3973
3973
3983
3997
4002
4014
4015
4019
4027
4027
4033
4035
4035
4036
4037
4044
4045
4051
4051
4057
4064
4065
4067
4078
4083
4088
4094
4096
4103
4107
4108
4120
4122
4134
4137
4141
4145
4146
4147
4147
4153
4159
4161
4166
4166
4167
4168
4171
4176
4178
4181
4182
4182
4183
4189
4193
4197
4202
4210
4215
4217
4221
4234
4239
4243
4243
4255
4260
4261
4263
4264
4265
4266
4277
4286
4289
4296
4305
4306
4306
4308
4309
4311
4314
4314
4323
4330
4333
4338
4340
4350
4351
4352
4355
4361
4362
4363
4369
4373
4373
4378
4385
4387
4390
4390
4393
4394
4395
4397
4397
4397
4404
4404
4405
4406
4415
4416
4427
4429
4432
4432
4434
4441
4445
4448
4452
4453
4455
4457
4471
4471
4472
4473
4475
4481
4482
4486
4488
4489
4493
4493
4493
4493
4494
4497
4500
4502
4503
4517
4521
4522
4528
4530
4530
4534
4541
4550
4551
4552
4554
4555
4556
4559
4567
4567
4567
4570
4571
4574
4576
4577
4587
4597
4599
4599
4613
4615
4618
4620
4623
4636
4642
4644
4644
4647
4647
4648
4661
4662
4664
4666
4667
4667
4674
4674
4676
4680
4681
4683
4685
4687
4687
4691
4691
4706
4708
4709
4710
4716
4718
4721
4722
4727
4737
4738
4740
4744
4745
4754
4759
4760
4763
4763
4769
4773
4774
4781
4781
4785
4786
4790
4802
4803
4807
4817
4820
4822
4825
4826
4828
4830
4833
4835
4838
4840
4841
4844
4845
4848
4857
4861
4862
4867
4870
4873
4873
4896
4899
4900
4900
4901
4902
4903
4903
4903
4910
4914
4914
4922
4925
4926
4927
4934
4935
4943
4963
4966
4969
4970
4973
4973
4977
4989
4990
4991
4993
4996
5002
5011
5011
5013
5016
5020
5021
5024
5028
5034
5038
5043
5048
5049
5055
5056
5057
5059
5060
5074
5081
5083
5101
5110
5114
5120
5122
5125
5128
5128
5134
5135
5139
5141
5149
5152
5153
5155
5175
5176
5181
5182
5184
5187
5189
5195
5198
5205
5206
5212
5217
5226
5226
5228
5229
5235
5236
5250
5257
5258
5268
5269
5270
5273
5280
5284
5285
5289
5299
5300
5311
5315
5317
5318
5325
5327
5333
5334
5335
5338
5342
5345
5352
5361
5363
5367
5368
5368
5372
5377
5383
5390
5392
5398
5405
5407
5412
5417
5429
5440
5441
5443
5449
5451
5454
5460
5466
5473
5475
5475
5480
5482
5488
5488
5490
5495
5498
5499
5503
5505
5505
5508
5509
5522
5526
5533
5541
5545
5550
5558
5560
5576
5580
5582
5583
5583
5587
5598
5602
5613
5617
5620
5621
5624
5624
5626
5629
5636
5637
5638
5640
5646
5648
5649
5650
5653
5655
5659
5662
5662
5664
5667
5671
5674
5674
5678
5682
5684
5688
5697
5704
5709
5716
5716
5729
5730
5732
5733
5738
5738
5740
5741
5744
5746
5748
5753
5759
5761
5767
5767
5774
5787
5792
5802
5806
5814
5832
5836
5838
5841
5843
5846
5850
5854
5855
5856
5861
5865
5866
5871
5872
5873
5873
5878
5884
5893
5894
5897
5898
5919
5920
5922
5922
5935
5943
5958
5962
5969
5978
5980
5981
5987
5996
5998
6003
6009
6014
6019
6025
6029
6036
6037
6043
6048
6049
6054
6055
6062
6071
6073
6077
6081
6087
6087
6089
6098
6099
6106
6108
6112
6122
6132
6136
6146
6150
6157
6161
6163
6165
6166
6168
6169
6169
6177
6179
6195
6208
6210
6216
6217
6220
6224
6231
6233
6241
6242
6254
6255
6258
6262
6269
6269
6274
6279
6280
6293
6294
6305
6306
6306
6310
6313
6315
6320
6325
6343
6348
6359
6359
6361
6361
6366
6382
6382
6385
6387
6397
6401
6401
6401
6410
6413
6426
6428
6433
6433
6437
6437
6439
6440
6448
6450
6452
6457
6459
6461
6469
6470
6471
6479
6479
6481
6482
6491
6495
6496
6511
6513
6518
6520
6524
6525
6530
6531
6532
6533
6533
6534
6562
6563
6565
6567
6584
6589
6590
6591
6592
6593
6598
6600
6602
6605
6614
6620
6620
6622
6626
6631
6648
6661
6662
6673
6673
6674
6682
6684
6687
6690
6690
6694
6699
6708
6715
6729
6737
6745
6746
6752
6757
6758
6758
6776
6777
6781
6781
6783
6792
6810
6814
6820
6820
6821
6837
6840
6844
6845
6846
6847
6855
6861
6867
6877
6877
6883
6884
6889
6893
6894
6895
6913
6915
6916
6925
6931
6942
6947
6949
6952
6955
6958
6959
6960
6962
6971
6981
6981
6982
6983
6992
6993
6997
7002
7003
7004
7005
7008
7009
7024
7026
7031
7032
7036
7045
7045
7048
7068
7077
7081
7084
7100
7112
7119
7127
7128
7133
7145
7151
7154
7160
7162
7163
7165
7181
7182
7183
7191
7191
7194
7194
7196
7206
7211
7211
7217
7221
7225
7229
7244
7244
7245
7249
7254
7260
7263
7272
7276
7277
7287
7287
7292
7296
7297
7298
7299
7305
7308
7310
7314
7321
7326
7326
7335
7335
7340
7342
7346
7347
7353
7354
7359
7360
7361
7365
7376
7377
7382
7384
7385
7389
7394
7396
7407
7413
7416
7423
7428
7428
7430
7435
7437
7445
7445
7448
7460
7461
7462
7478
7484
7484
7490
7496
7496
7497
7499
7500
7501
7504
7506
7507
7516
7518
7524
7526
7528
7529
7532
7533
7534
7544
7551
7551
7556
7557
7557
7566
7567
7569
7572
7572
7577
7579
7580
7588
7595
7597
7600
7602
7608
7610
7615
7622
7623
7628
7630
7639
7640
7646
7654
7655
7660
7663
7669
7669
7674
7675
7679
7680
7681
7691
7695
7699
7701
7706
7709
7716
7716
7716
7717
7723
7725
7737
7744
7751
7763
7767
7769
7774
7775
7780
7786
7787
7790
7792
7797
7801
7803
7813
7813
7814
7814
7817
7818
7820
7822
7824
7827
7829
7836
7842
7842
7846
7853
7855
7858
7867
7868
7869
7870
7888
7891
7900
7902
7903
7906
7909
7909
7914
7915
7915
7916
7919
7921
7936
7936
7945
7946
7946
7949
7953
7954
7955
7958
7959
7961
7965
7967
7970
7970
7986
7991
7993
7997
7998
7999
8002
8007
8007
8012
8012
8020
8026
8028
8032
8038
8040
8044
8055
8058
8065
8076
8080
8084
8088
8088
8088
8093
8109
8115
8115
8126
8137
8139
8139
8142
8144
8145
8146
8147
8150
8155
8155
8156
8159
8160
8161
8163
8167
8169
8175
8176
8177
8177
8182
8184
8190
8195
8200
8203
8205
8207
8207
8213
8213
8221
8221
8223
8223
8223
8227
8232
8234
8237
8239
8242
8243
8244
8247
8250
8267
8268
8272
8277
8278
8281
8293
8294
8297
8300
8304
8311
8317
8318
8318
8319
8321
8322
8322
8324
8330
8334
8361
8366
8374
8377
8384
8387
8390
8397
8404
8414
8420
8422
8426
8426
8429
8433
8440
8452
8454
8456
8457
8460
8462
8464
8465
8469
8480
8484
8489
8499
8501
8508
8508
8513
8517
8524
8525
8526
8532
8538
8545
8547
8553
8554
8570
8571
8573
8575
8584
8588
8591
8592
8594
8602
8604
8604
8607
8615
8618
8627
8628
8630
8633
8634
8646
8646
8648
8652
8654
8656
8661
8665
8666
8666
8667
8673
8679
8681
8681
8684
8685
8686
8687
8687
8690
8692
8703
8703
8709
8712
8720
8723
8729
8731
8732
8736
8737
8740
8747
8755
8756
8758
8759
8760
8761
8774
8777
8789
8793
8810
8815
8816
8817
8828
8830
8834
8844
8846
8847
8849
8875
8876
8884
8888
8895
8898
8903
8905
8906
8910
8916
8919
8946
8947
8947
8948
8949
8952
8955
8958
8962
8970
8989
8989
8992
9000
9001
9014
9014
9014
9019
9021
9023
9031
9031
9033
9036
9037
9045
9047
9049
9056
9075
9076
9078
9081
9097
9099
9106
9109
9130
9131
9135
9152
9154
9164
9166
9172
9180
9181
9181
9183
9185
9202
9205
9212
9222
9224
9227
9229
9230
9234
9242
9250
9257
9257
9258
9260
9261
9266
9268
9268
9270
9279
9283
9286
9287
9288
9289
9290
9292
9298
9300
9300
9303
9305
9311
9319
9325
9326
9332
9333
9337
9340
9347
9348
9349
9350
9351
9353
9355
9356
9358
9364
9364
9369
9375
9377
9387
9391
9392
9397
9404
9411
9412
9418
9421
9422
9441
9443
9444
9446
9453
9462
9466
9476
9480
9482
9485
9489
9489
9500
9508
9510
9510
9526
9528
9531
9535
9535
9539
9539
9540
9542
9542
9546
9553
9564
9566
9572
9572
9584
9586
9601
9608
9609
9609
9610
9610
9613
9624
9625
9628
9630
9634
9635
9637
9639
9645
9655
9655
9659
9659
9662
9666
9666
9669
9679
9681
9683
9684
9689
9691
9706
9710
9711
9719
9720
9721
9723
9723
9724
9733
9734
9739
9741
9745
9748
9751
9753
9754
9755
9772
9778
9779
9781
9782
9786
9791
9793
9797
9799
9809
9810
9814
9815
9817
9821
9822
9825
9833
9838
9845
9846
9857
9858
9860
9868
9871
9876
9879
9880
9884
9885
9908
9913
9913
9942
9946
9950
9963
9969
9972
9982
9985
10007
10012
10016
10017
10022
10031
10032
10035
10038
10038
10040
10044
10052
10054
10064
10067
10070
10088
10096
10097
10102
10105
10107
10110
10126
10130
10133
10136
10136
10137
10139
10141
10144
10145
10146
10171
10174
10176
10183
10186
10186
10197
10200
10205
10209
10211
10215
10216
10217
10225
10226
10233
10241
10242
10250
10255
10256
10257
10262
10266
10272
10275
10276
10281
10282
10283
10288
10289
10292
10297
10313
10324
10326
10328
10334
10342
10344
10346
10348
10350
10352
10352
10360
10363
10365
10366
10368
10370
10372
10374
10376
10382
10388
10398
10398
10413
10416
10420
10421
10430
10440
10445
10445
10447
10451
10457
10457
10459
10462
10466
10470
10473
10485
10486
10491
10491
10495
10498
10499
10500
10504
10504
10506
10511
10513
10516
10525
10545
10548
10554
10556
10559
10563
10566
10570
10579
10583
10584
10584
10585
10590
10590
10595
10597
10603
10616
10624
10625
10631
10633
10637
10638
10640
10644
10646
10648
10652
10652
10654
10655
10677
10679
10681
10681
10687
10688
10689
10691
10693
10695
10696
10702
10707
10708
10709
10709
10711
10711
10720
10728
10731
10733
10734
10737
10753
10753
10756
10758
10765
10766
10767
10770
10773
10773
10776
10778
10788
10792
10795
10811
10811
10814
10820
10821
10822
10827
10828
10834
10835
10837
10839
10843
10846
10846
10855
10859
10861
10870
10874
10876
10889
10892
10892
10895
10896
10898
10900
10901
10908
10914
10917
10922
10931
10932
10936
10941
10955
10957
10957
10958
10959
10969
10970
10973
10975
10986
10986
11007
11011
11017
11018
11019
11020
11027
11032
11040
11041
11044
11047
11048
11048
11051
11053
11054
11057
11058
11061
11062
11066
11067
11072
11079
11079
11080
11086
11086
11089
11091
11099
11100
11102
11102
11104
11111
11111
11114
11115
11117
11118
11120
11122
11124
11124
11134
11135
11136
11140
11141
11142
11148
11149
11154
11156
11163
11172
11173
11177
11182
11188
11189
11195
11196
11203
11208
11210
11211
11216
11217
11228
11230
11231
11232
11233
11243
11248
11254
11256
11256
11261
11277
11278
11284
11291
11294
11294
11296
11296
11296
11297
11301
11304
11313
11316
11321
11330
11338
11344
11348
11349
11352
11362
11372
11380
11381
11387
11390
11394
11397
11397
11408
11412
11413
11415
11415
11422
11427
11445
11446
11446
11451
11458
11460
11465
11471
11474
11479
11479
11487
11489
11490
11491
11498
11499
11502
11504
11504
11505
11507
11514
11517
11525
11525
11527
11535
11541
11542
11545
11546
11546
11548
11548
11549
11550
11556
11556
11559
11565
11567
11578
11579
11580
11588
11591
11594
11595
11600
11607
11612
11617
11622
11623
11625
11629
11629
11633
11641
11642
11642
11643
11647
11648
11649
11658
11664
11666
11671
11678
11679
11681
11684
11689
11700
11708
11710
11721
11724
11725
11726
11727
11732
11734
11735
11735
11738
11742
11744
11744
11744
11746
11762
11763
11765
11768
11771
11773
11774
11781
11783
11784
11787
11787
11788
11796
11796
11801
11806
11808
11813
11813
11815
11817
11817
11821
11821
11829
11830
11835
11840
11844
11847
11858
11861
11867
11868
11868
11871
11872
11877
11877
11883
11884
11885
11886
11891
11894
11899
11901
11903
11907
11908
11912
11915
11915
11919
11919
11920
11923
11928
11931
11934
11934
11955
11960
11966
11971
11977
11979
11984
11984
11986
11991
11996
12006
12009
12010
12015
12019
12030
12030
12032
12053
12057
12057
12059
12061
12061
12062
12066
12068
12069
12071
12075
12075
12077
12081
12089
12091
12105
12109
12111
12112
12122
12145
12148
12151
12153
12160
12162
12163
12165
12170
12171
12177
12178
12184
12186
12189
12190
12196
12199
12203
12205
12207
12210
12212
12215
12218
12219
12222
12228
12236
12236
12237
12239
12244
12247
12262
12266
12267
12268
12268
12272
12280
12282
12282
12284
12284
12286
12286
12289
12294
12295
12298
12300
12302
12304
12312
12318
12319
12320
12324
12330
12353
12361
12371
12372
12378
12379
12380
12384
12386
12389
12391
12392
12392
12392
12396
12399
12406
12408
12414
12425
12425
12429
12435
12437
12447
12448
12450
12454
12462
12463
12464
12477
12477
12478
12480
12481
12483
12483
12484
12485
12506
12507
12527
12533
12536
12541
12544
12559
12561
12563
12565
12566
12567
12574
12574
12577
12578
12588
12593
12595
12596
12599
12600
12605
12605
12607
12611
12615
12621
12622
12631
12638
12649
12649
12650
12653
12654
12655
12660
12668
12680
12680
12681
12685
12685
12687
12694
12695
12695
12704
12706
12709
12718
12727
12729
12740
12747
12750
12751
12753
12755
12760
12761
12770
12774
12778
12792
12796
12798
12802
12808
12822
12826
12830
12838
12838
12838
12849
12849
12849
12854
12863
12863
12866
12867
12873
12880
12880
12882
12891
12893
12896
12897
12898
12899
12905
12905
12908
12909
12910
12920
12928
12932
12932
12939
12941
12943
12945
12946
12948
12948
12948
12952
12953
12955
12958
12958
12967
12971
12977
12977
12983
12984
12996
12996
13002
13008
13015
13019
13021
13022
13029
13049
13066
13066
13072
13078
13080
13080
13083
13086
13091
13091
13095
13105
13107
13109
13111
13115
13116
13120
13121
13128
13132
13142
13147
13152
13155
13155
13155
13164
13165
13165
13165
13166
13166
13168
13169
13181
13192
13195
13199
13201
13202
13204
13222
13222
13233
13235
13236
13237
13240
13241
13250
13252
13258
13266
13272
13275
13281
13288
13302
13307
13310
13310
13314
13315
13327
13329
13337
13343
13351
13352
13355
13356
13357
13360
13361
13364
13366
13374
13378
13382
13383
13387
13392
13393
13404
13408
13409
13410
13423
13430
13435
13438
13447
13453
13453
13454
13459
13459
13461
13465
13475
13476
13478
13479
13480
13481
13482
13485
13486
13487
13490
13491
13492
13494
13499
13513
13529
13532
13538
13542
13543
13547
13554
13556
13562
13563
13569
13571
13574
13579
13586
13588
13589
13590
13590
13593
13599
13606
13607
13619
13621
13623
13630
13642
13644
13653
13654
13657
13662
13663
13664
13675
13687
13689
13703
13703
13704
13710
13716
13716
13723
13724
13727
13729
13734
13737
13738
13742
13750
13757
13763
13771
13773
13775
13790
13795
13799
13802
13802
13803
13814
13819
13823
13823
13829
13847
13847
13848
13851
13854
13859
13867
13881
13884
13886
13889
13889
13890
13892
13896
13903
13908
13910
13915
13917
13927
13928
13930
13931
13943
13953
13955
13959
13962
13962
13966
13968
13971
13983
13985
13990
13990
13991
13992
14001
14002
14004
14005
14006
14009
14010
14014
14018
14021
14022
14026
14041
14041
14050
14051
14056
14063
14070
14076
14078
14078
14080
14081
14085
14097
14098
14099
14100
14100
14106
14107
14110
14114
14119
14122
14123
14124
14127
14128
14130
14130
14130
14131
14134
14154
14154
14154
14155
14162
14165
14176
14178
14181
14182
14183
14184
14185
14187
14190
14190
14201
14204
14208
14214
14216
14223
14226
14231
14231
14232
14234
14241
14245
14246
14248
14248
14250
14263
14265
14272
14272
14275
14279
14283
14290
14291
14292
14295
14297
14301
14306
14320
14321
14339
14362
14365
14366
14366
14368
14369
14375
14375
14378
14384
14385
14393
14394
14398
14400
14403
14405
14406
14414
14415
14417
14417
14418
14420
14421
14422
14424
14426
14431
14433
14433
14437
14438
14441
14441
14446
14449
14450
14457
14461
14463
14469
14477
14481
14482
14482
14486
14488
14493
14494
14497
14499
14500
14501
14502
14502
14504
14508
14523
14525
14527
14532
14532
14542
14545
14554
14556
14556
14558
14566
14568
14570
14573
14575
14575
14584
14586
14591
14593
14595
14595
14600
14601
14604
14605
14608
14608
14613
14614
14615
14618
14625
14631
14638
14641
14659
14667
14667
14668
14682
14683
14684
14693
14699
14701
14719
14722
14723
14724
14726
14733
14733
14734
14737
14741
14742
14744
14750
14752
14753
14758
14759
14759
14762
14762
14765
14765
14778
14786
14791
14791
14793
14793
14794
14798
14802
14808
14813
14819
14827
14838
14838
14839
14843
14843
14846
14850
14850
14860
14865
14867
14873
14877
14885
14889
14903
14904
14908
14910
14912
14917
14917
14918
14921
14952
14955
14958
14963
14966
14975
14977
15001
15009
15016
15022
15023
15028
15031
15032
15047
15049
15052
15057
15062
15065
15068
15069
15070
15072
15073
15079
15091
15093
15096
15103
15110
15113
15115
15127
15127
15132
15134
15136
15139
15143
15146
15149
15156
15157
15171
15172
15173
15173
15174
15175
15176
15177
15178
15180
15185
15204
15208
15211
15212
15213
15222
15224
15228
15233
15244
15248
15253
15255
15258
15259
15279
15291
15296
15303
15308
15309
15309
15310
15314
15315
15317
15317
15321
15324
15324
15331
15331
15335
15336
15338
15340
15343
15345
15361
15362
15364
15365
15372
15374
15379
15380
15380
15381
15385
15388
15389
15396
15401
15404
15407
15409
15411
15427
15431
15436
15439
15439
15444
15449
15457
15466
15471
15471
15472
15475
15481
15484
15487
15496
15500
15507
15511
15512
15512
15517
15519
15529
15534
15541
15542
15548
15549
15555
15560
15560
15566
15572
15574
15588
15593
15598
15599
15606
15607
15615
15617
15623
15629
15637
15638
15642
15648
15652
15666
15670
15671
15672
15682
15683
15692
15694
15694
15699
15706
15707
15715
15717
15726
15730
15735
15738
15742
15742
15744
15748
15752
15754
15755
15769
15771
15772
15775
15778
15783
15783
15784
15784
15784
15793
15794
15803
15809
15809
15821
15825
15825
15830
15834
15838
15838
15843
15854
15861
15864
15869
15871
15871
15874
15874
15875
15888
15891
15894
15898
15903
15903
15909
15912
15916
15917
15919
15920
15934
15936
15937
15941
15943
15947
15949
15949
15953
15959
15962
15965
15980
15982
15986
15988
15991
15995
15996
15997
16012
16015
16018
16022
16025
16026
16028
16029
16034
16042
16047
16048
16048
16050
16052
16053
16053
16053
16056
16057
16059
16060
16062
16066
16068
16075
16084
16088
16092
16095
16098
16099
16102
16121
16121
16131
16131
16135
16137
16137
16142
16144
16148
16160
16160
16162
16169
16171
16172
16188
16196
16203
16204
16209
16209
16213
16217
16219
16219
16221
16224
16227
16235
16239
16239
16245
16247
16250
16259
16259
16259
16268
16281
16284
16285
16291
16295
16299
16306
16308
16312
16313
16317
16321
16323
16325
16334
16336
16337
16341
16355
16358
16367
16369
16371
16373
16374
16377
16379
16381
16386
16387
16394
16395
16396
16398
16398
16404
16406
16408
16409
16409
16409
16411
16416
16419
16424
16431
16431
16445
16448
16448
16449
16457
16459
16468
16492
16492
16493
16493
16496
16502
16513
16514
16515
16524
16526
16528
16530
16531
16534
16535
16542
16543
16553
16559
16561
16564
16576
16591
16611
16615
16618
16620
16624
16628
16630
16633
16638
16639
16646
16663
16670
16671
16673
16676
16677
16685
16698
16701
16701
16702
16706
16709
16737
16741
16755
16758
16765
16771
16779
16781
16785
16788
16796
16800
16800
16803
16804
16806
16814
16815
16818
16821
16822
16822
16832
16832
16833
16835
16837
16838
16840
16842
16843
16845
16846
16848
16854
16855
16857
16858
16862
16865
16873
16875
16878
16882
16887
16887
16889
16892
16892
16899
16915
16926
16933
16933
16933
16941
16942
16944
16947
16949
16953
16953
16955
16957
16983
16984
16987
16987
16998
16999
16999
17005
17009
17011
17017
17040
17042
17046
17053
17065
17068
17077
17080
17080
17085
17089
17092
17097
17101
17102
17112
17120
17120
17121
17121
17123
17126
17131
17132
17138
17142
17154
17159
17163
17166
17166
17169
17169
17172
17172
17175
17180
17181
17186
17193
17208
17215
17216
17222
17226
17226
17232
17233
17235
17236
17240
17247
17249
17253
17266
17268
17274
17275
17276
17279
17280
17283
17285
17288
17289
17289
17289
17290
17291
17293
17308
17309
17310
17313
17324
17326
17329
17331
17335
17335
17336
17345
17347
17347
17351
17351
17357
17358
17361
17366
17370
17374
17374
17384
17385
17385
17394
17396
17397
17400
17414
17415
17416
17416
17424
17428
17433
17447
17449
17449
17455
17462
17464
17464
17465
17469
17470
17472
17475
17479
17482
17484
17495
17497
17499
17501
17501
17510
17515
17517
17517
17525
17525
17527
17530
17535
17536
17536
17538
17546
17550
17554
17561
17561
17562
17564
17567
17570
17573
17577
17577
17579
17583
17590
17594
17608
17612
17615
17619
17621
17623
17628
17628
17640
17642
17642
17643
17645
17646
17652
17654
17655
17655
17665
17667
17667
17673
17673
17685
17685
17694
17700
17707
17711
17711
17727
17733
17740
17748
17749
17757
17759
17761
17770
17770
17777
17777
17786
17788
17793
17793
17801
17806
17821
17825
17828
17829
17830
17833
17834
17834
17837
17841
17847
17849
17852
17853
17857
17859
17859
17862
17864
17869
17874
17875
17886
17889
17891
17891
17895
17898
17902
17904
17905
17910
17912
17915
17918
17936
17938
17945
17947
17952
17953
17954
17958
17963
17975
17979
17984
17987
17988
17989
17999
18010
18018
18019
18026
18026
18031
18032
18035
18040
18041
18046
18048
18049
18055
18057
18059
18067
18068
18072
18075
18077
18078
18078
18080
18086
18087
18090
18097
18107
18108
18110
18114
18116
18123
18127
18136
18142
18148
18153
18169
18169
18170
18170
18180
18180
18186
18196
18197
18211
18220
18221
18222
18236
18236
18240
18246
18248
18250
18253
18257
18262
18263
18267
18274
18277
18279
18280
18286
18296
18297
18298
18305
18307
18308
18309
18311
18324
18325
18337
18351
18359
18363
18373
18379
18380
18381
18383
18385
18385
18395
18395
18396
18403
18403
18405
18406
18409
18411
18411
18412
18412
18413
18422
18428
18430
18434
18435
18443
18445
18455
18457
18471
18479
18482
18483
18483
18485
18486
18486
18488
18494
18495
18504
18506
18515
18517
18520
18522
18525
18526
18529
18533
18546
18546
18546
18548
18551
18562
18562
18567
18569
18570
18573
18583
18584
18601
18606
18608
18613
18613
18621
18624
18625
18632
18634
18636
18642
18643
18644
18645
18655
18662
18665
18671
18674
18675
18676
18676
18677
18680
18688
18688
18692
18692
18696
18700
18703
18703
18704
18705
18709
18710
18711
18720
18722
18728
18735
18737
18743
18743
18750
18754
18759
18763
18765
18771
18778
18778
18779
18784
18793
18797
18802
18806
18811
18811
18814
18816
18820
18827
18833
18839
18840
18840
18842
18843
18846
18848
18855
18862
18866
18866
18871
18882
18890
18892
18898
18900
18902
18906
18907
18907
18909
18920
18921
18921
18926
18929
18930
18936
18937
18940
18946
18962
18964
18971
18973
18975
18975
18977
18985
18989
18994
18994
19002
19002
19006
19011
19019
19020
19021
19022
19024
19027
19037
19042
19044
19045
19048
19049
19052
19052
19068
19070
19071
19080
19082
19083
19088
19097
19101
19107
19108
19108
19110
19111
19117
19119
19121
19121
19128
19129
19132
19134
19134
19136
19138
19155
19157
19165
19165
19166
19167
19171
19176
19183
19183
19184
19188
19190
19193
19194
19197
19202
19206
19209
19220
19222
19226
19228
19228
19230
19232
19233
19238
19242
19246
19247
19250
19260
19261
19262
19264
19273
19273
19275
19279
19281
19288
19288
19290
19292
19305
19305
19313
19314
19317
19319
19323
19323
19331
19342
19345
19345
19347
19348
19353
19368
19373
19381
19381
19384
19384
19385
19394
19394
19407
19409
19423
19443
19445
19447
19449
19451
19457
19479
19481
19486
19486
19488
19488
19489
19489
19494
19497
19498
19508
19509
19519
19520
19522
19550
19553
19554
19555
19560
19562
19567
19571
19572
19573
19573
19575
19579
19582
19593
19593
19599
19600
19607
19607
19610
19610
19614
19621
19627
19628
19631
19632
19635
19640
19642
19643
19643
19645
19646
19647
19650
19653
19659
19666
19670
19673
19675
19679
19690
19701
19704
19705
19720
19726
19727
19728
19729
19737
19740
19746
19750
19752
19752
19754
19764
19769
19774
19786
19789
19792
19793
19795
19795
19800
19806
19810
19811
19811
19811
19813
19814
19814
19816
19820
19833
19834
19837
19854
19856
19858
19869
19869
19873
19878
19889
19897
19903
19904
19906
19906
19912
19915
19922
19929
19935
19940
19943
19953
19959
19963
19969
19983
19985
19986
19992
19994
19994
19995
19995
19997
20002
15385
12718
6907
9182
16659
9078
4210
12695
2300
16614
6348
80
11865
18721
11485
6687
11055
6809
9011
769
14551
15057
19002
12474
8288
8492
8509
9543
817
11812
13722
869
18318
12123
12574
1996
12051
8834
10502
8936
11466
18569
11218
1307
4185
4115
6457
8008
5804
14972
12405
11937
17193
12543
11085
14791
15716
6641
10256
15753
5429
15641
7453
9310
31
17419
19900
8251
4663
6413
9934
4489
18171
15801
14471
17952
16609
19069
11686
16002
1317
12188
11758
8620
17059
12465
11557
3303
3121
10759
15316
5560
11570
14395
711
2659
15648
13705
17813
4711
5989
18902
5499
6910
9603
7374
12274
18255
19138
15543
8936
17209
14567
10985
16288
8308
12342
16519
4255
12307
3761
17491
6411
13529
19520
15526
10524
11398
18520
10765
14572
11012
12638
8777
1065
1316
185
12906
9921
10863
17507
7370
19913
12300
13215
10801
9457
6983
13106
3911
18022
18900
7895
685
19050
8097
11796
19612
5704
14580
2916
6033
16413
3486
4745
8327
9885
6124
5595
1243
3490
19692
406
5089
5367
2223
6566
2295
18007
3888
7876
5477
10594
2061
17231
19502
11877
8019
119
8771
4927
16454
1530
2096
16510
5640
4067
1964
2825
598
529
14264
9117
11094
3171
18904
19633
18136
14383
16113
15029
4301
11472
3627
12341
9594
5183
4508
7515
13822
2436
19294
3770
9619
10448
1001
7990
5941
16515
3276
9250
13635
11767
512
7430
12429
6453
3070
13025
5513
9095
8757
753
11932
9119
12647
4886
18323
17735
4803
14732
15605
13680
6231
9055
9259
14132
3606
19992
18502
15116
17306
17886
16924
4269
7178
18054
15849
7358
162
1414
10226
4630
19901
160
2239
1836
10778
1854
17223
797
3190
7634
19472
18422
2417
6583
19977
18935
11400
18125
137
7404
1898
19691
5443
2621
17647
6570
2592
10661
15424
6556
5729
9705
8709
5073
1945
10581
17648
10765
1937
14594
6802
7513
8965
18000
5396
375
890
17669
6510
8148
6291
16460
8965
6981
2410
19360
15103
4207
6837
14903
18082
16931
15296
14922
12515
14449
18184
16434
6833
18875
19778
15170
16980
4436
10033
9982
1022
16914
12645
17098
2223
13711
2142
10068
15820
12464
6125
4930
5653
14734
10129
18797
17728
15479
1316
15867
3490
608
6842
717
11145
5981
19939
14802
12622
2599
8557
2557
164
19570
8583
2425
13506
18193
14771
3624
10282
13714
13077
7892
8268
18684
15637
5051
16502
19956
9102
6417
10278
3345
10110
11686
10045
1073
1142
12398
4434
4382
15869
8918
4972
1693
15554
13263
1590
14245
6037
132
16196
1223
19225
8328
17613
906
1810
4582
1362
9927
16344
7800
19524
19070
8257
6871
17975
15183
3872
7384
18228
12648
10373
5712
11607
16760
19604
11868
3655
6081
15103
16
213
2027
18890
11735
6130
461
11042
5826
11013
2441
1958
7256
2854
19883
6774
19895
14104
7605
17657
2495
16470
1963
16126
13419
19524
4307
821
7907
6479
12739
10060
1073
2479
1608
260
10181
15182
11279
6388
16664
8028
7118
19100
5544
3436
583
9527
5253
5865
5326
17077
18047
16733
8934
12626
8311
1687
2554
11795
15217
7212
18709
15245
3654
5588
16558
8030
14653
695
16032
5497
17492
11465
4009
12615
15781
7103
2266
6883
4712
14913
9649
19080
19003
1767
17281
15396
10162
7617
8585
14643
1919
16443
407
5749
16079
7352
7982
19932
12010
13422
7530
12519
15201
4508
17072
12882
11028
10595
11258
6316
10377
19241
11262
14056
1800
4993
14412
6450
16933
10678
9011
19018
5888
11282
11319
14944
9912
5126
2633
7462
2335
18980
11853
318
15130
18685
10055
5397
819
6589
1352
6758
13261
678
19702
10098
4049
4222
9010
11224
9137
11654
11737
17319
13401
16372
17139
9439
10405
7916
3681
3243
12023
15935
2852
13529
12572
8355
18464
8607
11502
13240
13846
5155
6387
1436
10461
1949
16855
18906
1441
5218
7733
9769
7159
17842
5675
10692
19879
5836
2373
6383
7008
10282
17533
15941
7022
14281
4327
12243
992
16686
17793
18333
1168
18749
3655
2211
10805
8486
2052
16958
871
13758
11741
9395
15118
6052
14046
16668
13463
8226
16632
787
15906
5469
6105
17899
8524
5738
6603
18529
7375
8730
7819
6537
19406
10837
1333
3570
12734
16057
19296
6844
2562
13442
16514
11511
19296
13983
574
13863
17257
6137
641
9120
7912
6781
1605
17470
7643
2676
11122
676
17584
3302
15051
4018
16803
13666
16447
13952
13374
3098
8600
19885
10496
5365
6969
14762
2415
19210
13381
13034
4653
2470
7536
40
2728
7580
10776
14012
17687
6963
1123
7432
14067
454
6479
3987
1114
6551
17210
8062
13871
677
15880
15831
6237
11527
603
11156
8972
11751
13959
7349
11410
19490
3186
19176
16000
18440
6068
14772
13871
10882
16552
16598
5235
10365
6926
7347
11686
10168
146
3110
2285
604
8699
18934
10143
4444
259
2672
14552
5536
1234
2416
9683
8406
13673
2987
17991
5146
13954
1173
19338
13151
11324
555
19605
2362
11159
18674
14557
216
1754
8167
1691
11363
14659
9455
12474
907
1006
18252
15489
3379
8004
11299
16355
1217
8194
2918
1813
11705
11009
7396
11047
6039
11789
15781
12423
1312
1419
13660
10442
8742
121
5745
14351
13308
13080
16275
1458
17291
11345
12513
16999
17937
11953
1341
3089
16391
9117
9911
1596
17835
6688
2725
1567
12251
9158
1104
13125
13409
11609
13813
12843
19017
14248
8925
16488
18833
16199
2115
13413
2298
11297
9825
17620
14780
15122
14319
11847
2807
4083
11248
7775
4299
18034
9862
18593
17511
5502
18899
15243
16769
10670
3867
18352
7523
16051
11229
5247
5472
9900
13170
17838
798
18633
19526
4829
2226
2137
1026
1917
15374
2161
13215
52
16489
11250
5454
8958
3759
6328
5324
2597
14304
285
16168
19735
2985
7703
2298
17184
5776
14187
3696
15488
15522
17416
4651
15306
10603
837
12826
2155
10546
1978
10502
11937
1631
19198
8181
11048
1122
6061
2524
14209
8581
12881
12182
2391
11314
2038
7073
6173
7600
1912
9170
476
1390
8695
4116
15953
465
18825
16340
19516
17552
9480
16030
17235
17234
5211
6581
6400
2207
12366
667
1665
3275
11700
17568
8925
5961
6233
12284
16291
3207
3393
775
7398
5104
4895
10651
6505
445
2347
9383
4357
15700
12562
4318
17883
8103
8279
3241
16704
7316
8471
19132
5299
10565
11863
14682
11030
7197
356
17696
15277
404
7643
16208
16185
18017
13432
7125
2062
13323
13804
9255
12792
14678
3337
5010
14140
6858
2388
6005
14943
10134
6045
16112
7902
10467
3103
4363
15841
7509
12009
2378
18005
14574
14704
4312
6676
389
8788
1275
12108
2159
7572
19930
11790
7661
10671
17361
3218
16120
5770
12499
15240
6461
18997
477
4609
19040
10991
1659
7776
13930
12141
13792
14040
18514
2803
18778
8942
7239
692
10669
249
15897
14782
15155
3679
5285
11015
19718
3129
1408
7297
16421
7690
5554
16261
3432
15408
7283
12594
7498
8972
1022
11095
6859
10307
15167
2218
14662
16491
10926
13123
2223
5627
4115
12873
3850
7350
356
4785
6120
863
18081
9283
824
10482
101
17291
14422
4227
16594
9252
9294
11237
11638
1628
8076
2037
15806
8097
8048
9420
17362
13200
9837
13449
9044
16896
6624
3767
8429
174
10010
8272
7269
8989
1005
19842
1870
15856
18329
7013
15078
14790
14224
13897
10604
15673
4578
517
18986
2396
4281
172
6812
4982
6730
7255
18304
12080
16600
12224
577
19267
5932
5536
8110
6975
11261
5546
15965
8519
2808
1050
3048
9026
749
5220
14480
10486
7883
2277
3059
6945
13746
2276
6700
15793
1085
5728
10268
13217
6198
5484
6487
18264
19647
17111
1665
18078
3092
3377
16158
2155
12461
13539
11889
2331
4601
18247
520
9167
11097
11427
9782
1254
2186
10442
1274
15146
9919
1066
2228
14692
5678
6343
11913
6422
9826
10959
14891
876
5646
5979
17232
8396
5433
12099
10529
18310
1492
9923
10887
15294
17971
6324
2933
14346
4971
14539
1749
6496
521
16166
1816
5928
13867
761
18773
17379
10384
19836
9555
3281
11122
9780
8847
14083
4622
4560
3151
14530
5392
18253
12526
14680
14064
5398
9944
7325
15169
13391
18575
2791
4605
7275
2109
11725
18948
12310
410
6550
9382
3589
12390
5120
2710
10301
9316
15163
19841
8316
4511
19184
8024
15805
6126
10417
19073
4608
18717
8151
12697
2603
2145
9845
14524
8140
17040
10133
16819
19969
5434
1311
14628
13747
18974
3914
15718
3277
3021
9058
1009
19543
12279
18846
95
2862
4532
15268
10327
6460
6319
16525
5466
5097
12471
13726
13400
13222
97
12721
18948
8617
7731
19726
18085
4969
16777
13338
8293
17853
4560
11478
14758
4270
14001
13049
10413
12060
11588
15082
18403
10542
3269
16035
12595
3196
5256
5131
1105
1081
8106
5221
3164
6928
6157
4638
13902
460
601
16619
15887
12450
12328
1648
8998
18925
16177
9970
7424
5216
4733
5566
13609
7185
9527
10967
779
686
17020
3746
12603
4057
12984
2692
12195
15049
1967
18245
17488
6595
11731
2871
1431
19687
4039
9539
3101
10288
18640
4665
14041
4414
16306
10224
4154
17732
12916
17066
1868
18616
16465
14869
13070
7346
16909
13115
19131
10316
1654
718
15127
3311
740
17892
14540
17367
10738
19210
4123
11169
14005
7606
5459
18104
6615
2
11468
5814
13905
1276
9467
4119
6993
10831
14528
1828
5553
16349
1315
9982
18198
11591
16262
9024
2769
720
15120
9782
2694
3858
11334
17593
3108
16026
11589
9970
6130
17378
15287
18011
1177
12679
2838
17210
1162
5988
5727
3981
11512
153
355
17821
13035
19681
10703
17162
15319
16557
16949
5743
9372
10581
755
8061
2343
1493
334
14295
16700
16819
4114
3972
1407
17451
12846
15731
11920
17229
13441
10895
14003
4781
19233
16330
10806
9670
19965
13847
19520
5250
2284
3017
8435
13059
9500
1881
16045
8634
6941
3815
8760
8509
326
10726
15656
110
13413
15809
19140
13964
9349
10539
9286
16464
360
13456
3722
15962
14071
19592
7687
14575
4394
10787
7938
1622
15019
17612
2369
1790
11844
6956
18640
4132
18817
5962
5744
1347
8331
13841
3859
12130
18924
9121
15182
963
16103
16035
11387
8012
10901
8930
1883
13645
3964
8884
1564
4353
7568
18567
14127
2518
1718
10208
9507
16117
14391
2596
15579
3841
16750
13861
9824
13968
4783
14391
3489
16752
7706
16239
15030
6400
97
2706
6814
17023
7085
8623
5039
17191
19154
13723
12335
9098
1642
6974
7537
2934
11648
176
5545
7807
8439
1881
9235
12199
6856
10588
2103
5313
18176
14774
7193
14232
19273
15589
3818
946
12142
5048
14752
19232
1825
4366
1245
2039
15692
8611
11822
19207
14739
14323
3886
8975
4262
8503
216
9004
13256
13543
12941
18599
1036
12190
10209
10348
13218
3313
8473
4709
2986
17175
4270
12927
10014
2116
8937
10225
15290
16514
9918
6534
9370
13842
417
16092
5335
2047
4726
10984
15824
14909
441
5971
296
3189
19449
14369
11887
19016
2916
6116
3760
15604
10846
13648
1947
17231
13747
3992
1794
5935
9233
14692
5820
4520
5090
16740
5399
19928
18445
10727
16247
10216
7888
6646
13825
19099
17908
3377
15118
5003
9867
18223
17175
3463
15051
13696
3888
9783
19500
2346
15975
4501
18555
10044
6350
7694
18419
12055
14272
11878
2168
11531
19924
15751
6363
16160
17101
14067
13727
10866
6768
1852
3192
14882
2045
2895
16000
5162
11442
9305
12637
10295
955
5517
15785
8339
14147
18707
19474
16119
18945
18738
1852
6602
10701
4015
16818
17889
9472
15660
17461
5921
8493
2003
4883
1556
16913
9966
9174
2511
448
8421
5813
10941
13132
18868
9845
14199
13158
4270
5096
12963
9970
4994
9664
15253
6543
16120
15641
2393
15188
14746
12164
5083
19285
13322
9805
9990
5061
16279
10908
10966
2855
10089
19996
7080
4663
10263
6502
19069
10878
10177
9944
7328
1841
10367
8128
8505
15352
4648
14698
10121
18085
1255
9243
13442
9840
10869
7490
19997
18361
10877
2179
19291
8185
14860
14706
4415
11377
7332
15005
9401
12292
17775
6470
16484
15328
12986
15825
3145
14521
424
15812
15878
17226
19617
10995
4199
13554
9573
15135
10119
6180
7971
887
7717
18831
263
17274
10901
1205
5702
7122
2248
13550
14876
13601
18670
11431
193
14172
15350
9773
19213
3210
622
10183
7390
14762
2768
5024
6976
17537
7860
3633
13935
325
18498
11454
17729
1810
9933
7691
6296
1489
10298
10559
8760
2213
15977
6172
13218
18347
6810
2507
13383
14704
10380
12942
15100
1869
17194
6567
2053
1067
6336
13659
5430
8086
19484
2969
15238
4313
14469
3943
15545
15534
17381
1624
13689
10375
5446
10929
15912
4798
14003
4651
13074
1724
9742
16614
3781
13802
19930
18459
15013
7680
4617
12008
15672
3480
8103
17021
7470
16068
4077
8204
2262
18916
3307
15891
16413
11840
6946
8559
11525
7455
19627
8183
9956
2943
14486
382
8515
14079
15216
13494
4048
9733
6239
10751
14715
9691
3901
16126
18254
679
1488
9956
18194
16340
12479
9697
2663
12552
18980
1712
7405
13674
17459
11311
19828
14995
7695
277
10585
19596
11414
8763
7221
5581
10152
442
8627
6091
12346
7521
9181
3217
17869
2148
7719
14782
1868
19390
17902
4396
2199
16072
896
4934
8353
716
664
14222
18350
14920
9748
6595
12501
3810
14640
1000
448
11238
10360
19441
3774
8
10096
14181
19817
18601
6666
1692
9325
8137
4066
8107
85
863
8993
6554
9068
14943
161
3337
6382
5895
16688
1868
19962
14354
17203
11560
13947
14660
1969
9063
17117
461
7268
10156
11231
11879
9613
2199
12460
12101
12656
3700
1199
7296
11050
2341
17396
4686
6879
828
6286
3326
5959
14186
2368
10622
144
2595
18774
42
2877
1981
4888
16002
12769
17345
3800
16800
6486
331
3993
1551
8189
17487
18134
15220
4663
5962
8793
16565
17693
3161
9657
1537
15567
167
7567
2798
10901
3837
10879
4785
3987
4464
18522
19500
16878
19382
8708
1507
14580
13374
9185
14715
13816
10491
7561
2812
18719
3793
12345
11054
17977
7009
5342
6302
4315
14092
17341
16143
11130
2509
15986
12159
14248
14314
4367
19264
4132
12939
18614
8289
12721
15547
4566
2691
7745
15181
5172
8080
15836
18463
15588
3373
4990
8568
14535
7711
7782
18427
734
15872
2476
8300
2099
11584
4570
4392
11932
5549
18555
8818
16
13296
1617
17187
17164
10822
9746
15152
2673
15558
2388
12979
10711
8653
19108
1124
2358
5926
3502
2516
4136
8632
4145
10393
13117
12118
5240
5338
7021
16903
6762
10422
13880
1698
7800
10731
11759
15631
11938
14927
19349
12401
16490
7745
16801
4242
18210
3676
14254
8322
3913
7266
8946
2036
14352
1876
3388
6405
1446
14095
6638
18320
4365
12346
18037
8348
274
8885
11958
16758
9669
10653
11927
6123
4384
1970
18468
10614
5523
2025
9251
10175
16446
12141
6955
3154
8810
18706
11033
9397
13664
8957
4218
9558
14535
7280
17704
9698
2887
4968
2457
6688
4080
14964
7372
6422
19807
18746
285
16947
10877
7012
2311
11168
14791
17297
34
11661
7746
15588
8881
4864
17998
10711
6438
16346
8146
5485
15345
13493
14493
2312
18152
8180
10960
5596
10617
6228
6462
10578
10805
18169
25
18922
18356
8159
15716
19919
16309
2675
7524
17906
7151
7832
9259
12792
6960
18981
14340
7915
15365
14917
10571
10639
18874
9854
5628
16428
8462
9645
197
7381
6466
15794
8621
1198
9870
9774
9070
15833
12533
3363
309
16274
7999
5799
9017
19870
5718
16127
9279
9611
827
11841
14152
7735
4552
1719
8305
7520
18853
1577
6178
125
18561
16509
18819
7481
9375
5774
12109
19400
9668
6236
16083
13109
7835
8131
13886
6067
4857
1456
1631
19395
6230
1891
19199
13200
5647
18624
11046
2031
2812
1872
2616
13778
7110
19839
6748
12048
19730
4503
2793
18490
15209
19007
2405
3941
13203
18096
19160
838
609
7621
2934
11942
14888
122
7890
1368
9156
5521
4172
12579
12736
12553
9412
19355
15712
6908
14440
15138
16477
11200
4761
16416
9920
19403
7803
7019
8113
346
15106
6777
16265
6856
16159
4011
253
17812
5294
11820
12369
2476
12363
12254
18482
17558
17234
18411
9157
9688
9082
823
12094
1621
11598
1470
3460
3808
19146
13444
8581
7228
9034
2952
18445
12513
18473
6360
18516
13542
14468
9971
13509
18858
7577
15391
670
19562
14648
3563
14011
2881
15190
853
9191
12922
19596
9890
12152
13148
4177
15825
1307
4186
8263
8552
10689
5835
11691
13666
12308
12676
9486
11813
12587
11833
9413
17040
13750
17997
458
9051
6194
10888
17581
5285
19015
5436
15499
4741
7453
9850
5032
473
17663
10657
10942
5583
6929
17429
6820
2404
10117
11932
12465
4905
16377
19820
11598
7898
8017
13103
18679
1063
16197
4011
9945
13223
9202
16725
6221
18893
5621
87
12506
14563
11015
13026
4562
1968
6170
7073
10057
8381
6980
11122
19602
4689
5502
2800
13517
13307
17463
1134
1476
14045
14115
1616
11579
6053
15187
16606
13147
3150
15426
18849
4981
14956
17725
15962
11999
6972
15373
17440
2038
5458
17012
7908
9069
930
4089
19978
5976
19408
17296
10777
13007
14094
9787
16582
12916
10849
320
11012
6028
5312
5047
18532
15913
725
16652
13950
16589
18813
2513
13412
4219
11382
5365
175
15112
15309
16315
17874
12626
18259
19051
3174
7494
9665
5331
3046
5605
11275
6087
15704
6520
15917
11158
17669
17377
229
15709
2415
11751
12533
2678
7612
11446
7928
13889
8444
3116
18884
16928
19484
18072
18608
4256
12014
6661
7570
13698
6996
9649
19383
8117
16374
930
5801
15210
14182
12881
13972
2255
8951
8616
13156
3598
2688
12834
19846
12052
13874
13184
12012
5384
6777
17753
4485
13618
17897
417
16964
5170
9269
6972
5382
513
6809
9802
3395
16678
13891
9066
16131
19682
13308
10440
4416
14184
2382
18469
13765
18445
9845
2078
511
382
19843
12557
13689
11429
8854
19494
4666
2072
8446
14216
13345
15292
19551
15584
5756
1429
6991
342
8482
8480
9040
7232
5759
16265
19491
12775
7101
11702
5778
13340
6786
18504
19860
2369
15721
13139
17494
15425
8379
11999
5397
6826
4176
244
11074
2484
13191
2214
6280
7188
6675
19785
686
19260
7532
9474
5231
13090
8427
6265
8413
9942
1245
2507
521
18784
5997
8094
118
6115
10356
7844
19390
5496
181
6615
13962
6281
19280
16754
3760
19604
13766
2294
15460
159
1985
11617
3328
4725
16086
15522
9806
13466
6386
6976
19173
14762
17512
1207
17916
15387
17541
2194
6390
7078
4511
11087
9529
15104
2708
1963
3968
5863
11028
17970
9619
7401
7901
7019
259
2987
4571
1302
6857
6960
8379
17006
14290
8404
19207
15442
3995
18038
4205
14742
9178
18350
2016
19269
6341
14613
18927
5992
19186
17389
4991
11805
16472
17893
6314
19703
6031
4102
18122
9257
10346
9490
7005
10976
19002
15076
1861
14002
15428
17326
18513
15384
4060
6061
16315
17194
15498
12727
14614
12649
3026
6870
9879
7937
4128
19805
2025
11321
12147
3414
1356
15204
4812
4892
1721
11385
2542
12930
13285
1016
8374
16485
6194
19939
8376
18987
10229
9176
6825
5577
3111
6449
3457
7600
17165
6648
19647
4669
10433
15358
5861
2040
9256
19776
8581
17148
6791
2764
17929
16689
2729
5228
9709
17991
5880
6512
17206
7785
12601
17642
18531
8439
5566
14788
4059
5826
18154
2276
9273
12119
15883
14882
3775
3905
14527
14768
15701
6678
19232
1985
331
9519
4295
1770
9080
18384
15677
17781
12128
16134
2566
16751
10255
15081
13846
9175
12880
13191
12487
13315
8077
701
17127
4239
16590
5977
3637
9975
19091
17126
19760
17940
11781
9276
9065
815
12697
9624
15060
1098
18575
18832
1852
17515
19610
12247
19468
6428
13716
14838
19902
3652
8257
11768
13054
1990
12318
969
17748
17517
19
18039
11677
12795
5378
4488
7348
7942
17608
10029
5780
5284
1154
11014
1816
2892
12079
14328
12273
1113
10458
11024
9984
7131
5057
11060
7696
4659
4106
6742
12217
4507
18923
13869
19653
13073
1569
18490
14697
1237
11897
679
434
10264
16972
15480
14857
5422
8506
19024
12322
10511
4182
17340
12342
9826
10555
15376
19734
526
4562
5885
560
11035
3363
17044
12274
7580
3852
16102
4148
18046
17078
13054
919
4543
7138
13398
6533
160
6281
8603
19610
4145
12789
2635
11470
1219
6760
1079
13251
5466
10149
4751
9180
15502
12388
10600
1339
17558
9734
7007
3732
2518
14539
17898
9990
19093
15036
12944
19162
13988
5817
12690
9788
15199
590
5084
7813
18867
8948
14453
5230
15082
3093
12765
4193
3368
15825
13667
904
6392
15331
17870
17075
19043
9987
3627
3792
1490
15125
15409
7900
3621
12313
14076
8287
16543
19746
14976
14055
14129
19243
4459
7241
2939
15266
3194
5621
11978
16194
1142
18767
5706
6952
7728
2180
3044
15218
11680
7829
8061
6266
11345
14533
4738
14148
11455
10119
3442
19450
16594
19147
4058
13935
14442
11781
9272
15263
16167
3385
7633
18763
1027
19161
16894
1365
12716
15566
4867
3708
12273
2442
19488
14810
15982
3793
12855
14431
4190
3125
18806
5305
18054
14681
8382
17598
14948
911
10698
10084
2138
18739
11786
7605
6375
8914
14519
7216
986
5491
5635
8438
2797
13598
12605
5036
14719
12632
12742
821
13399
4869
8417
8219
2865
1877
12457
11642
7494
9889
17862
16621
1531
2151
6909
2544
13474
15452
246
77
11961
14216
18785
13214
15717
16277
3061
6989
8632
15500
468
752
13746
1641
9887
17306
821
7280
17065
5200
8127
9842
16124
5941
18391
15110
5136
11357
7369
13039
14683
17699
6082
7574
17088
6795
14422
2839
19928
2040
9059
7962
8133
5658
4961
9343
3171
7961
4228
17854
5301
19545
12571
5225
9359
1402
435
6546
17057
2225
14663
11702
17416
8242
19906
9526
14081
8954
6579
14397
8367
7000
2559
12308
66
19558
14006
13936
12025
16474
6558
6634
8156
6335
19224
13009
17992
19757
15346
10267
16767
8818
16204
7127
13443
14013
6478
15425
10272
3914
4710
7283
14323
6538
12941
9364
747
5135
2407
9516
5685
19497
13411
0
19882
6144
306
840
18292
255
13701
14677
9148
11753
8018
8446
19721
14009
5899
8707
2826
13481
10083
11330
7155
14021
8703
14883
8063
15606
10313
11602
6684
15518
9769
1092
17216
12011
8470
14000
13020
15535
15214
18142
9524
6507
3094
16729
831
18915
4775
13154
12623
19931
13071
18684
12537
7236
19437
16811
7710
1220
14565
9073
5590
10415
923
16617
1834
10228
18308
16681
5363
1476
13041
7128
9499
4337
17984
14088
18972
15763
19053
16827
11927
5383
10947
6019
3366
18511
6812
7029
2798
11685
6542
5957
18752
14560
19801
3030
4004
8459
16844
10828
14368
8081
3634
11037
1159
3569
9786
13980
1414
7444
5125
4492
8293
4795
731
15779
1021
17356
17855
2438
7405
11434
10332
4705
16288
18631
2932
4421
11543
14058
2153
43
4234
14162
3709
14351
2081
3799
18181
12154
17051
4923
3579
14226
8117
4686
10826
19646
8230
9154
2179
6001
10356
14449
11106
6260
16536
13204
9633
2774
8337
7847
11739
6699
19553
19373
4357
1311
19566
570
7849
10920
17916
3019
13864
19286
9625
17403
8142
7826
13495
8379
59
14465
4493
7064
12801
8442
7539
8962
18822
9602
7723
2093
10331
8029
16311
14110
1623
19568
13907
4098
8558
15133
16740
6545
17544
9626
8049
6289
3451
16623
3054
2679
19467
10880
9452
18553
18945
18682
1218
2462
7775
6426
16995
11853
6110
13071
6608
11414
5304
2828
15385
377
6894
10575
10499
16198
3150
338
19691
14681
3113
14240
14545
14820
8527
6122
11627
12376
10685
17850
9832
15366
10005
11338
7795
1412
16308
14788
11597
11543
10945
19435
15190
7989
8194
15257
18672
9572
1766
17487
1337
360
18984
15227
10489
3497
16822
16720
13601
4609
12878
16726
2112
2338
9852
8526
9375
5797
26
3409
15508
12005
11754
7170
11758
12603
13443
2230
2200
15840
6150
13580
937
1656
13419
12044
13126
4214
18812
2587
2293
7214
10239
1469
15000
14269
17030
4999
10757
3408
9617
9952
19346
3344
10324
18098
1516
13215
6288
17010
8729
5086
1661
8244
5523
12738
17285
14215
7225
1493
1690
11793
10560
17104
7473
8263
2872
19699
5238
14547
13078
4821
9563
3891
13285
13698
9017
311
17388
1917
16260
1418
5613
5702
15626
10324
14578
11016
12223
14384
2104
17321
16104
18904
7268
16063
11232
19812
9782
17541
11940
18515
111
3486
10399
18291
9804
395
11182
1618
17854
8339
15566
4460
11921
1830
6525
17833
4036
12244
10080
6275
12206
4983
8701
13256
19601
4328
569
10434
7544
5668
14687
102
2832
18356
18234
8639
17206
4275
11500
2561
205
18451
17622
9326
3981
14086
17598
11111
1624
16606
11785
14972
19348
18218
18941
5310
11203
2711
2528
914
11075
15639
4771
7073
15883
14842
8983
2098
3785
2806
18494
16180
10191
4092
16317
4419
17214
15307
7535
18021
19523
10857
1350
16329
6722
17413
12374
2335
10701
10705
16887
9761
16115
14093
19352
18754
14469
8415
4707
16870
12200
11601
4527
2979
14343
10968
5305
5773
2224
2079
16844
3936
14726
16717
14714
11515
9677
3306
10893
14603
12499
14601
1323
1952
12124
19769
6972
12936
3328
14946
5187
11317
17992
625
11626
19169
8714
18392
15089
18430
4890
14245
18238
10569
10593
15293
11216
80
14581
15741
13328
19092
14011
14091
14867
19701
17894
788
19470
1487
15994
18386
914
4499
8994
1364
18890
17704
12063
625
17368
13150
16860
8916
17020
4812
18478
5340
6120
18026
10591
19447
13310
11109
18166
6602
19207
19552
11801
15091
9059
4288
11945
7857
8104
11133
9087
12233
17367
4067
3912
19390
18562
19972
14580
19369
3951
13391
16049
13124
12904
7149
13926
7839
10474
12187
12707
4059
8636
11690
15081
18999
16829
231
3617
4067
7970
17557
12155
1289
6666
2511
19742
1547
16691
11325
12015
6001
5110
14838
10055
17803
16248
3644
12936
12773
12113
6617
11492
15977
9811
10393
19748
5265
3526
13958
14146
10538
6728
18912
2027
15916
14368
15461
13440
11066
12377
7943
981
11610
481
6177
13560
4670
18154
550
19285
12586
3716
6846
556
7522
2291
13291
18361
14121
8199
12430
10753
15407
10992
7401
5188
5753
6299
14522
4706
13976
12058
7238
10571
15172
17065
19581
6153
11772
17588
15370
14406
11635
3421
14856
18859
19314
13553
6913
2768
18114
5618
15099
202
19439
3034
5367
12245
13511
1108
5148
13669
16792
4554
3814
9693
14650
18620
13955
15789
16620
18793
7034
12571
18088
15525
14495
14975
10494
12269
9743
213
10422
8397
8336
16797
6450
1215
12220
9119
16196
15588
17962
7656
17125
8532
8380
18215
9650
1887
19625
1313
18645
6183
18165
12960
852
9231
1514
860
10983
2732
5239
5653
7964
3292
3986
9716
14443
19329
10475
4522
17574
15653
19210
10664
13733
17972
6122
16790
2110
17019
6918
2077
5338
15492
4808
3038
15373
3712
17678
17364
11304
17477
6050
3167
15612
9173
16249
9092
221
4936
9768
9233
4557
2330
134
15183
2740
10221
13326
11148
18477
9226
9586
7217
18268
13434
3826
7703
5360
3455
10522
14654
744
4382
13764
12005
16195
11530
4056
488
4744
12164
9226
7383
9473
7764
19931
11409
2676
17439
696
14059
12060
10544
5388
12996
6991
6216
16519
14600
8053
3476
1869
1876
8839
3960
16981
11708
13166
8913
14621
17211
14960
15473
7557
10032
1888
1588
18807
13594
10525
12932
15236
11172
17282
4351
8361
7178
8260
19797
1676
12832
9317
17221
13416
12037
15419
15744
3831
17804
3520
9244
17982
1613
12890
12720
10264
2391
3769
18083
19956
1479
8182
2066
12181
1579
19280
16718
19668
10998
16260
8794
2187
5148
19634
934
5011
1422
16231
8937
18338
14481
15252
17430
12576
12177
11294
3738
6295
7251
8610
5979
4653
14904
2617
2622
6857
5618
8158
19635
7949
9104
17014
5379
13562
6523
789
19697
14258
1260
10721
4238
8282
2461
4101
15365
18932
10467
11432
15339
17797
13061
17865
9605
14359
8389
1794
2350
11948
2689
1673
7072
5623
1114
6532
3602
12372
13585
498
15270
5613
7627
13669
7074
11553
18414
16157
17274
3005
3997
7585
864
934
877
2421
5686
13547
5749
18298
12548
4705
2225
4124
15116
4559
19307
8400
17794
6876
11922
8044
18099
8688
11999
13743
13811
10590
13817
1167
12644
11312
1299
2579
19309
5994
15941
7735
1500
4534
16063
17797
9270
18849
132
19855
2942
1221
3356
1293
9126
16774
3394
10205
4422
12291
8351
12595
6929
380
10202
10815
5156
11115
18408
10926
628
14159
11310
334
14837
2095
14222
12824
18873
10212
2703
3319
13011
1776
5814
17741
18756
1012
19397
17945
8951
15812
12833
15778
312
3683
4951
13817
5791
14379
1791
10173
314
5148
5714
3190
18247
8550
3243
5247
4776
13384
14804
4851
11333
2584
5000
8071
2355
10702
2597
1438
18493
16593
19958
3631
4474
9441
10489
11903
5261
420
18355
11417
10157
907
16054
14733
9723
12937
3362
1542
552
3212
7810
9889
9733
15704
11786
13797
7527
1271
5401
13200
9558
11027
9139
15346
17933
10392
5419
14584
8591
19682
7523
19371
6989
10100
8067
16162
6569
12989
11718
19190
6202
13196
17384
15703
2007
813
13944
7597
13835
19284
1206
19145
17097
10153
14461
13089
1125
17964
10077
7642
14875
16971
17157
9851
5987
17031
13071
7879
3996
12722
14754
3970
3430
16012
3944
14324
12381
7745
8827
15044
3571
11631
15238
988
9702
749
11286
19760
17748
14079
15234
4763
11182
8841
18129
3820
1890
14150
13273
3523
4175
18191
14615
4660
4628
1724
4406
7507
10595
2672
4240
8963
17837
3471
3008
8269
2463
5684
2653
92
149
1310
15751
1860
8030
19461
10297
11413
7159
4296
5933
4524
7383
14232
7475
9507
16865
19375
1056
8106
7665
1551
19774
2856
262
4652
9597
3646
13564
9800
6786
11011
3995
3332
16327
4383
11087
1112
9081
6622
2504
622
2062
8061
19988
8758
4960
15691
18957
1870
5109
19654
8636
18567
153
6915
8032
14784
2766
7034
2468
657
11195
13192
2079
2327
3424
15013
1914
7806
11451
19607
15073
11712
10038
14561
7028
11084
7611
5672
488
17486
5173
10974
1648
11565
4170
105
10731
14868
12090
6231
6068
10946
2107
18279
1168
10838
1216
14763
11558
14626
9845
9382
12643
9503
4016
13092
8341
16321
16214
13866
14314
7910
12912
6289
14593
17695
12309
10773
8485
7420
10979
15584
9802
10431
3135
13583
14958
11218
7874
7191
16719
18890
