4
14
16
25
27
30
32
35
42
45
53
58
66
69
74
80
83
83
84
86
92
93
103
103
109
124
128
129
138
138
140
142
149
149
150
154
154
158
160
164
166
166
167
171
178
187
192
199
199
206
206
215
223
229
229
230
231
234
235
238
244
247
249
277
284
284
286
295
296
309
312
312
318
339
339
346
350
354
355
358
360
363
372
374
378
378
382
392
397
400
403
406
409
409
412
414
415
421
422
427
430
435
437
447
447
447
451
454
459
459
460
461
462
480
481
481
487
487
502
503
503
504
505
507
517
520
521
522
527
539
539
544
545
546
546
554
555
555
556
560
561
565
567
570
571
571
577
579
580
584
587
588
590
595
599
616
617
620
620
621
622
633
634
636
644
648
651
651
653
654
655
662
669
670
671
675
685
686
687
690
694
694
697
699
700
704
707
707
709
710
711
712
724
727
733
734
736
737
738
739
748
749
752
754
754
759
760
764
767
769
769
773
773
773
785
785
786
804
805
806
808
811
816
822
826
830
841
842
865
866
869
870
874
876
885
888
891
892
895
896
896
897
898
906
908
909
910
912
915
920
925
929
930
931
933
937
938
938
945
951
951
952
958
962
964
967
967
968
974
977
979
986
996
998
999
1005
1007
1014
1029
1029
1040
1043
1043
1051
1060
1067
1069
1073
1083
1086
1093
1095
1096
1099
1101
1110
1115
1116
1117
1117
1126
1126
1128
1131
1132
1136
1142
1155
1161
1161
1167
1171
1178
1178
1180
1196
1197
1198
1198
1201
1204
1208
1208
1216
1220
1228
1232
1240
1241
1248
1251
1253
1256
1262
1263
1266
1267
1277
1289
1293
1296
1297
1299
1301
1306
1316
1317
1324
1326
1326
1328
1330
1332
1338
1346
1352
1358
1365
1366
1374
1374
1380
1386
1387
1389
1395
1403
1409
1411
1413
1414
1415
1421
1424
1424
1426
1427
1430
1438
1439
1445
1450
1453
1458
1463
1473
1481
1484
1497
1499
1501
1502
1503
1503
1510
1512
1517
1519
1525
1532
1535
1560
1562
1566
1568
1569
1575
1575
1578
1585
1594
1595
1600
1603
1606
1611
1613
1616
1619
1620
1626
1626
1637
1645
1647
1647
1648
1650
1651
1652
1663
1666
1670
1673
1675
1680
1681
1689
1690
1694
1705
1706
1710
1711
1712
1713
1715
1716
1716
1736
1744
1751
1757
1758
1762
1764
1770
1776
1780
1784
1784
1784
1785
1800
1806
1810
1811
1824
1825
1826
1828
1832
1843
1853
1857
1860
1880
1882
1884
1891
1898
1901
1911
1919
1919
1926
1936
1949
1956
1960
1964
1964
1971
1976
1977
1981
1984
1988
1995
2001
1331
307
1362
666
789
1128
1681
1545
1293
762
393
6
1277
217
564
651
1070
672
1038
378
1833
1712
1763
913
203
1619
1794
588
3
1427
380
819
161
983
150
138
432
772
1148
1201
319
1668
182
448
564
110
1820
750
4
957
728
1140
1281
3
1972
1934
160
1329
683
1235
834
94
1441
1276
1627
1387
1425
1370
406
370
1880
790
1608
98
1804
1286
1275
181
969
255
772
898
500
984
293
1933
1128
647
111
119
1774
1548
814
74
575
1071
1019
1114
1076
125
718
1054
1377
174
1670
441
966
1441
1166
911
1340
1247
705
1105
1911
1921
550
1507
206
90
1174
355
266
389
1529
570
1872
8
1154
105
1724
775
365
1866
77
739
585
1599
293
1881
1822
191
729
350
431
405
679
1478
1382
1307
1894
1042
1577
1217
358
1937
1145
540
117
603
121
337
222
830
1738
365
422
315
1703
922
262
604
181
218
590
742
1518
415
613
1820
1384
1326
1807
1594
86
17
889
1988
585
367
1919
70
1185
926
1136
262
1877
740
1205
842
1536
121
121
665
1583
1317
1191
112
469
166
1784
1030
1530
1678
1124
1147
442
1148
805
387
1861
1044
990
661
152
1779
1149
1410
1965
1694
1495
1459
327
266
962
770
296
899
41
1994
376
24
190
923
87
1746
1336
1116
1192
1186
1429
1185
583
343
1190
1126
1442
88
1252
1849
1332
147
570
1574
487
288
1914
1772
1489
527
1506
429
496
1979
650
1462
608
1600
799
491
85
1250
454
1111
649
960
799
151
643
1480
1064
54
851
945
1787
76
1831
895
73
947
1992
222
421
1690
767
1909
1376
1621
1350
80
1881
1338
1917
1820
1567
753
229
327
323
780
147
1496
478
1350
1878
104
627
1122
638
1420
1686
88
380
326
1481
21
940
755
685
223
49
172
757
181
1438
1510
308
1153
453
1184
676
533
1562
340
872
1263
231
1737
655
1487
1968
738
1265
1265
329
1734
702
1281
1447
700
1582
86
38
1653
599
943
1510
412
605
1337
838
1025
304
1875
1356
504
1479
1845
661
1211
297
1276
539
1533
334
733
381
1102
811
107
159
90
1772
347
1463
520
445
443
1913
1248
1998
145
545
997
1525
375
869
675
1823
1315
1463
873
355
374
976
942
1919
564
1660
1872
1048
1577
1609
498
866
79
1308
1717
1683
552
1361
834
1632
2002
1523
192
799
1281
1884
1047
1298
886
1708
1310
616
1395
82
1440
1151
1552
1736
1929
777
1015
1557
1270
716
975
976
1811
1157
1687
1186
509
1144
612
1838
891
1996
1791
897
963
1142
1353
829
856
273
61
1246
1255
462
933
351
1625
1314
1315
1537
566
44
212
