3
3
4
4
6
8
14
16
17
21
24
25
27
30
32
35
38
41
42
44
45
49
53
54
58
61
66
69
70
73
74
74
76
77
79
80
80
82
83
83
84
85
86
86
86
87
88
88
90
90
92
93
94
98
103
103
104
105
107
109
110
111
112
117
119
121
121
121
124
125
128
129
138
138
138
140
142
145
147
147
149
149
150
150
151
152
154
154
158
159
160
160
161
164
166
166
166
167
171
172
174
178
181
181
181
182
187
190
191
192
192
199
199
203
206
206
206
212
215
217
218
222
222
223
223
229
229
229
230
231
231
234
235
238
244
247
249
255
262
262
266
266
273
277
284
284
286
288
293
293
295
296
296
297
304
307
308
309
312
312
315
318
319
323
326
327
327
329
334
337
339
339
340
343
346
347
350
350
351
354
355
355
355
358
358
360
363
365
365
367
370
372
374
374
375
376
378
378
378
380
380
381
382
387
389
392
393
397
400
403
405
406
406
409
409
412
412
414
415
415
421
421
422
422
427
429
430
431
432
435
437
441
442
443
445
447
447
447
448
451
453
454
454
459
459
460
461
462
462
469
478
480
481
481
487
487
487
491
496
498
500
502
503
503
504
504
505
507
509
517
520
520
521
522
527
527
533
539
539
539
540
544
545
545
546
546
550
552
554
555
555
556
560
561
564
564
564
565
566
567
570
570
570
571
571
575
577
579
580
583
584
585
585
587
588
588
590
590
595
599
599
603
604
605
608
612
613
616
616
617
620
620
621
622
627
633
634
636
638
643
644
647
648
649
650
651
651
651
653
654
655
655
661
661
662
665
666
669
670
671
672
675
675
676
679
683
685
685
686
687
690
694
694
697
699
700
700
702
704
705
707
707
709
710
711
712
716
718
724
727
728
729
733
733
734
736
737
738
738
739
739
740
742
748
749
750
752
753
754
754
755
757
759
760
762
764
767
767
769
769
770
772
772
773
773
773
775
777
780
785
785
786
789
790
799
799
799
804
805
805
806
808
811
811
814
816
819
822
826
829
830
830
834
834
838
841
842
842
851
856
865
866
866
869
869
870
872
873
874
876
885
886
888
889
891
891
892
895
895
896
896
897
897
898
898
899
906
908
909
910
911
912
913
915
920
922
923
925
926
929
930
931
933
933
937
938
938
940
942
943
945
945
947
951
951
952
957
958
960
962
962
963
964
966
967
967
968
969
974
975
976
976
977
979
983
984
986
990
996
997
998
999
1005
1007
1014
1015
1019
1025
1029
1029
1030
1038
1040
1042
1043
1043
1044
1047
1048
1051
1054
1060
1064
1067
1069
1070
1071
1073
1076
1083
1086
1093
1095
1096
1099
1101
1102
1105
1110
1111
1114
1115
1116
1116
1117
1117
1122
1124
1126
1126
1126
1128
1128
1128
1131
1132
1136
1136
1140
1142
1142
1144
1145
1147
1148
1148
1149
1151
1153
1154
1155
1157
1161
1161
1166
1167
1171
1174
1178
1178
1180
1184
1185
1185
1186
1186
1190
1191
1192
1196
1197
1198
1198
1201
1201
1204
1205
1208
1208
1211
1216
1217
1220
1228
1232
1235
1240
1241
1246
1247
1248
1248
1250
1251
1252
1253
1255
1256
1262
1263
1263
1265
1265
1266
1267
1270
1275
1276
1276
1277
1277
1281
1281
1281
1286
1289
1293
1293
1296
1297
1298
1299
1301
1306
1307
1308
1310
1314
1315
1315
1316
1317
1317
1324
1326
1326
1326
1328
1329
1330
1331
1332
1332
1336
1337
1338
1338
1340
1346
1350
1350
1352
1353
1356
1358
1361
1362
1365
1366
1370
1374
1374
1376
1377
1380
1382
1384
1386
1387
1387
1389
1395
1395
1403
1409
1410
1411
1413
1414
1415
1420
1421
1424
1424
1425
1426
1427
1427
1429
1430
1438
1438
1439
1440
1441
1441
1442
1445
1447
1450
1453
1458
1459
1462
1463
1463
1463
1473
1478
1479
1480
1481
1481
1484
1487
1489
1495
1496
1497
1499
1501
1502
1503
1503
1506
1507
1510
1510
1510
1512
1517
1518
1519
1523
1525
1525
1529
1530
1532
1533
1535
1536
1537
1545
1548
1552
1557
1560
1562
1562
1566
1567
1568
1569
1574
1575
1575
1577
1577
1578
1582
1583
1585
1594
1594
1595
1599
1600
1600
1603
1606
1608
1609
1611
1613
1616
1619
1619
1620
1621
1625
1626
1626
1627
1632
1637
1645
1647
1647
1648
1650
1651
1652
1653
1660
1663
1666
1668
1670
1670
1673
1675
1678
1680
1681
1681
1683
1686
1687
1689
1690
1690
1694
1694
1703
1705
1706
1708
1710
1711
1712
1712
1713
1715
1716
1716
1717
1724
1734
1736
1736
1737
1738
1744
1746
1751
1757
1758
1762
1763
1764
1770
1772
1772
1774
1776
1779
1780
1784
1784
1784
1784
1785
1787
1791
1794
1800
1804
1806
1807
1810
1811
1811
1820
1820
1820
1822
1823
1824
1825
1826
1828
1831
1832
1833
1838
1843
1845
1849
1853
1857
1860
1861
1866
1872
1872
1875
1877
1878
1880
1880
1881
1881
1882
1884
1884
1891
1894
1898
1901
1909
1911
1911
1913
1914
1917
1919
1919
1919
1919
1921
1926
1929
1933
1934
1936
1937
1949
1956
1960
1964
1964
1965
1968
1971
1972
1976
1977
1979
1981
1984
1988
1988
1992
1994
1995
1996
1998
2001
2002
