0
1
2
2
8
8
12
16
16
19
22
25
26
31
31
34
35
40
42
43
48
48
49
50
52
55
58
59
59
66
66
67
70
77
80
80
85
87
91
92
94
95
97
97
97
101
102
102
104
105
106
106
108
110
111
115
116
118
119
120
120
121
122
125
127
131
132
132
134
137
143
144
146
149
153
153
155
158
159
159
159
160
160
161
162
162
164
167
167
167
172
173
174
175
176
181
185
189
190
190
192
193
194
197
199
199
202
205
208
210
213
213
216
216
221
222
226
229
231
236
238
243
244
246
249
253
255
259
259
260
262
262
262
263
263
265
265
270
271
272
274
277
285
285
288
292
294
296
303
305
306
309
311
312
314
314
316
318
320
325
326
329
331
331
334
334
338
338
339
339
342
346
346
352
355
356
356
360
360
363
372
373
375
375
377
379
380
382
382
385
385
389
395
403
404
406
406
407
408
410
410
412
413
413
414
417
417
418
419
420
420
424
434
434
435
438
441
442
445
448
448
452
454
454
455
457
457
458
460
460
461
461
465
468
468
473
476
477
479
481
482
484
488
488
491
492
493
495
498
501
505
505
508
508
509
511
512
513
513
516
517
517
520
521
521
523
525
526
529
535
536
537
538
550
552
555
556
560
563
569
570
574
574
575
577
582
583
586
587
590
598
599
601
603
604
608
609
611
618
622
622
625
625
626
627
628
634
634
635
641
648
648
649
650
652
653
657
662
664
666
667
667
670
673
675
676
677
678
679
679
685
686
686
687
691
692
695
695
695
696
700
701
702
703
711
711
712
713
716
717
717
717
717
718
720
723
725
731
734
737
739
740
743
744
744
745
747
749
749
752
753
755
760
761
764
764
769
772
775
775
779
781
786
787
788
789
790
795
795
797
798
798
807
807
809
813
814
815
815
817
819
821
821
821
822
823
823
824
825
827
827
828
830
831
834
837
838
839
840
840
843
848
849
852
853
855
860
862
863
863
864
867
869
869
870
871
872
874
876
877
880
884
887
888
890
896
898
899
899
904
904
906
907
907
908
909
911
914
914
919
923
926
929
930
930
934
934
937
946
950
951
955
957
961
963
963
964
965
966
969
976
979
981
983
986
986
987
988
990
992
995
999
1000
1001
1001
1005
1006
1009
1012
1016
1018
1020
1020
1020
1021
1021
1022
1022
1024
1026
1027
1027
1034
1036
1038
1041
1042
1048
1048
1050
1056
1057
1062
1063
1063
1065
1065
1065
1066
1066
1067
1070
1073
1073
1079
1080
1081
1085
1091
1091
1092
1094
1097
1098
1099
1104
1105
1105
1105
1105
1108
1108
1109
1109
1109
1112
1113
1114
1114
1122
1123
1124
1125
1125
1127
1134
1142
1142
1142
1147
1151
1154
1155
1159
1162
1162
1163
1163
1166
1167
1168
1168
1168
1170
1173
1177
1180
1185
1189
1198
1199
1205
1206
1207
1209
1213
1215
1216
1217
1218
1219
1220
1220
1221
1223
1231
1234
1234
1237
1238
1240
1243
1244
1245
1245
1249
1251
1252
1254
1255
1257
1260
1262
1264
1265
1266
1266
1269
1269
1271
1271
1274
1275
1276
1286
1289
1289
1289
1291
1293
1293
1298
1299
1300
1300
1301
1302
1307
1307
1309
1310
1310
1311
1311
1312
1313
1315
1315
1316
1316
1317
1318
1322
1323
1328
1328
1330
1333
1337
1337
1339
1339
1339
1340
1340
1341
1347
1350
1350
1351
1352
1356
1357
1358
1362
1364
1365
1365
1368
1368
1368
1368
1369
1371
1375
1377
1380
1386
1390
1391
1391
1395
1401
1402
1406
1407
1408
1408
1412
1414
1414
1416
1417
1417
1417
1418
1418
1419
1421
1422
1427
1429
1429
1431
1436
1437
1438
1441
1441
1442
1445
1445
1446
1447
1449
1450
1452
1453
1456
1458
1461
1466
1469
1470
1471
1472
1476
1476
1476
1478
1479
1480
1481
1483
1483
1487
1488
1489
1490
1492
1493
1493
1493
1498
1499
1500
1501
1507
1511
1512
1513
1514
1516
1525
1529
1530
1531
1531
1536
1537
1539
1542
1547
1547
1548
1549
1549
1549
1551
1551
1556
1563
1564
1565
1567
1567
1569
1576
1577
1579
1587
1588
1590
1596
1596
1599
1601
1604
1605
1607
1608
1608
1610
1612
1613
1613
1615
1616
1616
1617
1617
1618
1619
1620
1621
1621
1622
1623
1624
1624
1625
1628
1628
1631
1631
1635
1639
1639
1641
1641
1642
1642
1646
1647
1647
1648
1648
1650
1651
1654
1655
1656
1659
1661
1665
1665
1669
1670
1672
1673
1676
1676
1680
1682
1684
1684
1684
1684
1687
1690
1691
1692
1693
1693
1695
1698
1698
1699
1699
1700
1705
1707
1711
1712
1713
1717
1717
1717
1718
1719
1721
1722
1724
1724
1727
1730
1735
1746
1749
1752
1754
1760
1766
1767
1770
1776
1776
1778
1778
1780
1783
1785
1788
1790
1791
1794
1794
1794
1800
1802
1804
1806
1806
1807
1808
1809
1810
1810
1813
1815
1815
1816
1816
1816
1820
1821
1825
1825
1827
1828
1830
1831
1834
1836
1839
1840
1841
1844
1850
1852
1852
1852
1854
1855
1860
1861
1863
1866
1867
1868
1868
1868
1869
1869
1870
1870
1872
1876
1876
1877
1881
1881
1883
1887
1888
1889
1890
1891
1898
1900
1910
1912
1913
1914
1916
1916
1917
1917
1918
1919
1919
1926
1927
1937
1939
1941
1943
1943
1945
1945
1947
1949
1950
1952
1958
1958
1959
1962
1963
1963
1964
1965
1965
1967
1968
1968
1969
1970
1973
1974
1976
1977
1978
1979
1980
1981
1985
1985
1990
1994
1994
1996
2003
2003
2007
2010
2014
2015
2016
2022
2024
2025
2025
2027
2027
2027
2028
2030
2031
2032
2033
2036
2037
2038
2038
2039
2039
2040
2040
2043
2045
2047
2048
2049
2052
2053
2058
2059
2059
2061
2062
2062
2066
2068
2072
2075
2077
2078
2078
2079
2079
2080
2081
2088
2091
2093
2095
2095
2095
2096
2098
2099
2103
2104
2107
2109
2110
2112
2112
2112
2115
2116
2119
2129
2129
2137
2138
2142
2143
2145
2147
2148
2150
2151
2153
2153
2154
2154
2155
2155
2159
2159
2161
2168
2170
2171
2174
2177
2177
2179
2179
2179
2180
2186
2187
2193
2193
2194
2198
2199
2199
2200
2203
2207
2209
2211
2213
2213
2214
2217
2218
2223
2223
2223
2224
2225
2225
2226
2227
2228
2229
2230
2231
2231
2235
2236
2238
2239
2245
2248
2248
2250
2251
2253
2255
2258
2259
2262
2266
2266
2269
2271
2276
2276
2277
2283
2283
2284
2285
2286
2288
2291
2292
2293
2294
2295
2298
2298
2298
2300
2302
2302
2304
2307
2311
2312
2314
2327
2327
2329
2330
2330
2331
2335
2335
2335
2338
2341
2343
2346
2347
2347
2348
2350
2351
2355
2355
2358
2359
2360
2362
2366
2368
2369
2369
2370
2371
2373
2373
2376
2377
2378
2382
2388
2388
2389
2391
2391
2393
2396
2397
2398
2404
2405
2407
2410
2410
2410
2415
2415
2415
2416
2417
2417
2421
2425
2428
2433
2435
2436
2436
2438
2440
2441
2441
2442
2457
2461
2462
2462
2463
2468
2468
2470
2475
2476
2476
2477
2478
2479
2483
2483
2483
2484
2495
2497
2498
2501
2502
2503
2504
2507
2507
2509
2509
2511
2511
2511
2513
2515
2516
2518
2518
2519
2522
2524
2526
2528
2535
2540
2542
2543
2544
2544
2546
2547
2548
2550
2554
2556
2557
2557
2557
2557
2559
2561
2561
2562
2562
2566
2576
2579
2581
2584
2585
2586
2587
2590
2592
2592
2592
2593
2595
2596
2597
2597
2598
2599
2599
2599
2603
2603
2604
2605
2610
2610
2610
2611
2614
2614
2616
2617
2620
2621
2622
2626
2632
2633
2635
2638
2639
2640
2643
2644
2647
2647
2651
2652
2653
2653
2654
2659
2663
2666
2666
2668
2672
2672
2673
2673
2675
2676
2676
2676
2678
2678
2679
2683
2688
2688
2689
2691
2692
2694
2696
2700
2703
2706
2708
2709
2709
2710
2711
2711
2712
2718
2721
2725
2728
2729
2729
2729
2732
2739
2739
2740
2740
2743
2745
2755
2761
2761
2764
2766
2768
2768
2768
2768
2769
2771
2774
2775
2777
2780
2785
2790
2791
2793
2794
2797
2798
2798
2798
2800
2802
2803
2805
2805
2806
2806
2807
2808
2808
2810
2812
2812
2815
2821
2821
2825
2826
2827
2828
2832
2837
2838
2838
2839
2842
2852
2854
2854
2855
2856
2862
2865
2871
2872
2873
2876
2877
2880
2881
2882
2886
2887
2892
2895
2906
2906
2907
2910
2911
2915
2916
2916
2918
2932
2932
2933
2933
2934
2934
2937
2939
2940
2942
2943
2945
2946
2952
2957
2962
2965
2968
2969
2974
2976
2977
2979
2980
2981
2985
2986
2987
2987
2988
2988
2991
3000
3000
3005
3008
3016
3017
3019
3021
3026
3027
3028
3030
3034
3034
3034
3038
3044
3045
3045
3046
3048
3054
3054
3056
3059
3060
3061
3062
3062
3063
3068
3068
3069
3070
3074
3075
3076
3089
3091
3092
3093
3094
3098
3101
3103
3108
3110
3110
3111
3111
3113
3113
3116
3116
3121
3123
3123
3125
3126
3129
3129
3129
3135
3135
3144
3145
3149
3150
3150
3151
3154
3158
3161
3162
3163
3163
3164
3165
3166
3167
3171
3171
3174
3178
3179
3186
3189
3190
3190
3190
3192
3194
3195
3196
3202
3204
3205
3206
3207
3210
3212
3212
3212
3217
3218
3219
3223
3225
3225
3226
3230
3231
3233
3237
3241
3242
3243
3243
3246
3247
3252
3253
3254
3258
3258
3259
3269
3269
3270
3272
3275
3276
3277
3278
3281
3282
3286
3288
3292
3296
3297
3298
3302
3303
3303
3306
3306
3307
3310
3311
3313
3315
3318
3319
3324
3326
3328
3328
3329
3329
3332
3334
3337
3337
3340
3341
3344
3345
3345
3347
3347
3349
3350
3352
3355
3356
3356
3362
3363
3363
3365
3366
3368
3368
3370
3373
3373
3375
3377
3377
3379
3379
3385
3386
3388
3393
3394
3395
3395
3400
3401
3403
3408
3408
3408
3409
3413
3414
3414
3414
3416
3418
3420
3421
3424
3427
3428
3430
3432
3435
3436
3442
3445
3448
3450
3451
3455
3456
3457
3457
3460
3461
3463
3469
3471
3475
3475
3476
3480
3482
3486
3486
3486
3488
3489
3490
3490
3491
3491
3497
3499
3502
3505
3506
3520
3523
3526
3533
3536
3537
3538
3550
3554
3555
3556
3558
3559
3560
3562
3563
3567
3569
3570
3570
3571
3571
3577
3579
3585
3585
3586
3589
3593
3598
3602
3603
3606
3607
3608
3609
3616
3617
3621
3624
3627
3627
3627
3629
3631
3633
3634
3634
3637
3644
3646
3648
3648
3652
3653
3654
3655
3655
3669
3671
3672
3673
3675
3675
3676
3679
3679
3680
3681
3682
3683
3688
3696
3700
3705
3708
3709
3712
3716
3718
3720
3722
3724
3725
3728
3732
3733
3738
3739
3744
3746
3747
3747
3759
3760
3760
3761
3767
3769
3770
3771
3774
3774
3775
3781
3785
3790
3792
3793
3793
3794
3796
3796
3797
3799
3800
3801
3807
3808
3810
3812
3814
3814
3815
3816
3818
3818
3820
3822
3826
3828
3831
3837
3837
3839
3841
3842
3843
3849
3850
3852
3858
3859
3861
3862
3867
3871
3872
3879
3880
3885
3886
3887
3888
3888
3891
3893
3893
3895
3901
3905
3906
3911
3912
3913
3914
3914
3914
3914
3917
3919
3926
3930
3935
3936
3938
3939
3941
3943
3944
3945
3946
3950
3951
3960
3960
3961
3964
3968
3970
3972
3973
3973
3981
3981
3983
3986
3987
3987
3992
3993
3995
3995
3996
3997
3997
4002
4004
4009
4011
4011
4014
4015
4015
4016
4018
4019
4027
4027
4033
4035
4035
4036
4036
4037
4039
4044
4045
4048
4049
4051
4051
4056
4057
4057
4058
4059
4059
4060
4064
4065
4066
4067
4067
4067
4067
4077
4078
4080
4083
4083
4088
4089
4092
4094
4096
4098
4101
4102
4103
4106
4107
4108
4114
4115
4115
4116
4119
4120
4122
4123
4124
4128
4132
4132
4134
4136
4137
4141
4145
4145
4145
4146
4147
4147
4148
4153
4154
4159
4161
4166
4166
4167
4168
4170
4171
4172
4175
4176
4176
4177
4178
4181
4182
4182
4182
4183
4185
4186
4189
4190
4193
4193
4197
4199
4202
4205
4207
4210
4210
4214
4215
4217
4218
4219
4221
4222
4227
4228
4234
4234
4238
4239
4239
4240
4242
4243
4243
4255
4255
4256
4260
4261
4262
4263
4264
4265
4266
4269
4270
4270
4270
4275
4277
4281
4286
4288
4289
4295
4296
4296
4299
4301
4305
4306
4306
4307
4308
4309
4311
4312
4313
4314
4314
4315
4318
4323
4327
4328
4330
4333
4337
4338
4340
4350
4351
4351
4352
4353
4355
4357
4357
4361
4362
4363
4363
4365
4366
4367
4369
4373
4373
4378
4382
4382
4383
4384
4385
4387
4390
4390
4392
4393
4394
4394
4395
4396
4397
4397
4397
4404
4404
4405
4406
4406
4414
4415
4415
4416
4416
4419
4421
4422
4427
4429
4432
4432
4434
4434
4436
4441
4444
4445
4448
4452
4453
4455
4457
4459
4460
4464
4471
4471
4472
4473
4474
4475
4481
4482
4485
4486
4488
4488
4489
4489
4492
4493
4493
4493
4493
4493
4494
4497
4499
4500
4501
4502
4503
4503
4507
4508
4508
4511
4511
4517
4520
4521
4522
4522
4524
4527
4528
4530
4530
4532
4534
4534
4541
4543
4550
4551
4552
4552
4554
4554
4555
4556
4557
4559
4559
4560
4560
4562
4562
4566
4567
4567
4567
4570
4570
4571
4571
4574
4576
4577
4578
4582
4587
4597
4599
4599
4601
4605
4608
4609
4609
4613
4615
4617
4618
4620
4622
4623
4628
4630
4636
4638
4642
4644
4644
4647
4647
4648
4648
4651
4651
4652
4653
4653
4659
4660
4661
4662
4663
4663
4663
4664
4665
4666
4666
4667
4667
4669
4670
4674
4674
4676
4680
4681
4683
4685
4686
4686
4687
4687
4689
4691
4691
4705
4705
4706
4706
4707
4708
4709
4709
4710
4710
4711
4712
4716
4718
4721
4722
4725
4726
4727
4733
4737
4738
4738
4740
4741
4744
4744
4745
4745
4751
4754
4759
4760
4761
4763
4763
4763
4769
4771
4773
4774
4775
4776
4781
4781
4781
4783
4785
4785
4785
4786
4790
4795
4798
4802
4803
4803
4807
4808
4812
4812
4817
4820
4821
4822
4825
4826
4828
4829
4830
4833
4835
4838
4840
4841
4844
4845
4848
4851
4857
4857
4861
4862
4864
4867
4867
4869
4870
4873
4873
4883
4886
4888
4890
4892
4895
4896
4899
4900
4900
4901
4902
4903
4903
4903
4905
4910
4914
4914
4922
4923
4925
4926
4927
4927
4930
4934
4934
4935
4936
4943
4951
4960
4961
4963
4966
4968
4969
4969
4970
4971
4972
4973
4973
4977
4981
4982
4983
4989
4990
4990
4991
4991
4993
4993
4994
4996
4999
5000
5002
5003
5010
5011
5011
5011
5013
5016
5020
5021
5024
5024
5028
5032
5034
5036
5038
5039
5043
5047
5048
5048
5049
5051
5055
5056
5057
5057
5059
5060
5061
5073
5074
5081
5083
5083
5084
5086
5089
5090
5096
5097
5101
5104
5109
5110
5110
5114
5120
5120
5122
5125
5125
5126
5128
5128
5131
5134
5135
5135
5136
5139
5141
5146
5148
5148
5148
5149
5152
5153
5155
5155
5156
5162
5170
5172
5173
5175
5176
5181
5182
5183
5184
5187
5187
5188
5189
5195
5198
5200
5205
5206
5211
5212
5216
5217
5218
5220
5221
5225
5226
5226
5228
5228
5229
5230
5231
5235
5235
5236
5238
5239
5240
5247
5247
5250
5250
5253
5256
5257
5258
5261
5265
5268
5269
5270
5273
5280
5284
5284
5285
5285
5285
5289
5294
5299
5299
5300
5301
5304
5305
5305
5310
5311
5312
5313
5315
5317
5318
5324
5325
5326
5327
5331
5333
5334
5335
5335
5338
5338
5338
5340
5342
5342
5345
5352
5360
5361
5363
5363
5365
5365
5367
5367
5367
5368
5368
5372
5377
5378
5379
5382
5383
5383
5384
5388
5390
5392
5392
5396
5397
5397
5398
5398
5399
5401
5405
5407
5412
5417
5419
5422
5429
5429
5430
5433
5434
5436
5440
5441
5443
5443
5446
5449
5451
5454
5454
5458
5459
5460
5466
5466
5466
5469
5472
5473
5475
5475
5477
5480
5482
5484
5485
5488
5488
5490
5491
5495
5496
5497
5498
5499
5499
5502
5502
5503
5505
5505
5508
5509
5513
5517
5521
5522
5523
5523
5526
5533
5536
5536
5541
5544
5545
5545
5546
5549
5550
5553
5554
5558
5560
5560
5566
5566
5576
5577
5580
5581
5582
5583
5583
5583
5587
5588
5590
5595
5596
5598
5602
5605
5613
5613
5613
5617
5618
5618
5620
5621
5621
5621
5623
5624
5624
5626
5627
5628
5629
5635
5636
5637
5638
5640
5640
5646
5646
5647
5648
5649
5650
5653
5653
5653
5655
5658
5659
5662
5662
5664
5667
5668
5671
5672
5674
5674
5675
5678
5678
5682
5684
5684
5685
5686
5688
5697
5702
5702
5704
5704
5706
5709
5712
5714
5716
5716
5718
5727
5728
5729
5729
5730
5732
5733
5738
5738
5738
5740
5741
5743
5744
5744
5745
5746
5748
5749
5749
5753
5753
5756
5759
5759
5761
5767
5767
5770
5773
5774
5774
5776
5778
5780
5787
5791
5792
5797
5799
5801
5802
5804
5806
5813
5814
5814
5814
5817
5820
5826
5826
5832
5835
5836
5836
5838
5841
5843
5846
5850
5854
5855
5856
5861
5861
5863
5865
5865
5866
5871
5872
5873
5873
5878
5880
5884
5885
5888
5893
5894
5895
5897
5898
5899
5919
5920
5921
5922
5922
5926
5928
5932
5933
5935
5935
5941
5941
5943
5957
5958
5959
5961
5962
5962
5962
5969
5971
5976
5977
5978
5979
5979
5980
5981
5981
5987
5987
5988
5989
5992
5994
5996
5997
5998
6001
6001
6003
6005
6009
6014
6019
6019
6025
6028
6029
6031
6033
6036
6037
6037
6039
6043
6045
6048
6049
6050
6052
6053
6054
6055
6061
6061
6062
6067
6068
6068
6071
6073
6077
6081
6081
6082
6087
6087
6087
6089
6091
6098
6099
6105
6106
6108
6110
6112
6115
6116
6120
6120
6122
6122
6122
6123
6124
6125
6126
6130
6130
6132
6136
6137
6144
6146
6150
6150
6153
6157
6157
6161
6163
6165
6166
6168
6169
6169
6170
6172
6173
6177
6177
6178
6179
6180
6183
6194
6194
6195
6198
6202
6208
6210
6216
6216
6217
6220
6221
6224
6228
6230
6231
6231
6231
6233
6233
6236
6237
6239
6241
6242
6254
6255
6258
6260
6262
6265
6266
6269
6269
6274
6275
6279
6280
6280
6281
6281
6286
6288
6289
6289
6291
6293
6294
6295
6296
6299
6302
6305
6306
6306
6310
6313
6314
6315
6316
6319
6320
6324
6325
6328
6335
6336
6341
6343
6343
6348
6348
6350
6359
6359
6360
6361
6361
6363
6366
6375
6382
6382
6382
6383
6385
6386
6387
6387
6388
6390
6392
6397
6400
6400
6401
6401
6401
6405
6410
6411
6413
6413
6417
6422
6422
6426
6426
6428
6428
6433
6433
6437
6437
6438
6439
6440
6448
6449
6450
6450
6450
6452
6453
6457
6457
6459
6460
6461
6461
6462
6466
6469
6470
6470
6471
6478
6479
6479
6479
6479
6481
6482
6486
6487
6491
6495
6496
6496
6502
6505
6507
6510
6511
6512
6513
6518
6520
6520
6523
6524
6525
6525
6530
6531
6532
6532
6533
6533
6533
6534
6534
6537
6538
6542
6543
6545
6546
6550
6551
6554
6556
6558
6562
6563
6565
6566
6567
6567
6569
6570
6579
6581
6583
6584
6589
6589
6590
6591
6592
6593
6595
6595
6598
6600
6602
6602
6602
6603
6605
6608
6614
6615
6615
6617
6620
6620
6622
6622
6624
6626
6631
6634
6638
6641
6646
6648
6648
6661
6661
6662
6666
6666
6673
6673
6674
6675
6676
6678
6682
6684
6684
6687
6687
6688
6688
6690
6690
6694
6699
6699
6700
6708
6715
6722
6728
6729
6730
6737
6742
6745
6746
6748
6752
6757
6758
6758
6758
6760
6762
6768
6774
6776
6777
6777
6777
6781
6781
6781
6783
6786
6786
6791
6792
6795
6802
6809
6809
6810
6810
6812
6812
6814
6814
6820
6820
6820
6821
6825
6826
6833
6837
6837
6840
6842
6844
6844
6845
6846
6846
6847
6855
6856
6856
6857
6857
6858
6859
6861
6867
6870
6871
6876
6877
6877
6879
6883
6883
6884
6889
6893
6894
6894
6895
6907
6908
6909
6910
6913
6913
6915
6915
6916
6918
6925
6926
6928
6929
6929
6931
6941
6942
6945
6946
6947
6949
6952
6952
6955
6955
6956
6958
6959
6960
6960
6960
6962
6963
6969
6971
6972
6972
6972
6974
6975
6976
6976
6980
6981
6981
6981
6982
6983
6983
6989
6989
6991
6991
6992
6993
6993
6996
6997
7000
7002
7003
7004
7005
7005
7007
7008
7008
7009
7009
7012
7013
7019
7019
7021
7022
7024
7026
7028
7029
7031
7032
7034
7034
7036
7045
7045
7048
7064
7068
7072
7073
7073
7073
7074
7077
7078
7080
7081
7084
7085
7100
7101
7103
7110
7112
7118
7119
7122
7125
7127
7127
7128
7128
7131
7133
7138
7145
7149
7151
7151
7154
7155
7159
7159
7160
7162
7163
7165
7170
7178
7178
7181
7182
7183
7185
7188
7191
7191
7191
7193
7194
7194
7196
7197
7206
7211
7211
7212
7214
7216
7217
7217
7221
7221
7225
7225
7228
7229
7232
7236
7238
7239
7241
7244
7244
7245
7249
7251
7254
7255
7256
7260
7263
7266
7268
7268
7269
7272
7275
7276
7277
7280
7280
7283
7283
7287
7287
7292
7296
7296
7297
7297
7298
7299
7305
7308
7310
7314
7316
7321
7325
7326
7326
7328
7332
7335
7335
7340
7342
7346
7346
7347
7347
7348
7349
7350
7352
7353
7354
7358
7359
7360
7361
7365
7369
7370
7372
7374
7375
7376
7377
7381
7382
7383
7383
7384
7384
7385
7389
7390
7394
7396
7396
7398
7401
7401
7404
7405
7405
7407
7413
7416
7420
7423
7424
7428
7428
7430
7430
7432
7435
7437
7444
7445
7445
7448
7453
7453
7455
7460
7461
7462
7462
7470
7473
7475
7478
7481
7484
7484
7490
7490
7494
7494
7496
7496
7497
7498
7499
7500
7501
7504
7506
7507
7507
7509
7513
7515
7516
7518
7520
7521
7522
7523
7523
7524
7524
7526
7527
7528
7529
7530
7532
7532
7533
7534
7535
7536
7537
7539
7544
7544
7551
7551
7556
7557
7557
7557
7561
7566
7567
7567
7568
7569
7570
7572
7572
7572
7574
7577
7577
7579
7580
7580
7580
7585
7588
7595
7597
7597
7600
7600
7600
7602
7605
7605
7606
7608
7610
7611
7612
7615
7617
7621
7622
7623
7627
7628
7630
7633
7634
7639
7640
7642
7643
7643
7646
7654
7655
7656
7660
7661
7663
7665
7669
7669
7674
7675
7679
7680
7680
7681
7687
7690
7691
7691
7694
7695
7695
7696
7699
7701
7703
7703
7706
7706
7709
7710
7711
7716
7716
7716
7717
7717
7719
7723
7723
7725
7728
7731
7733
7735
7735
7737
7744
7745
7745
7745
7746
7751
7763
7764
7767
7769
7774
7775
7775
7775
7776
7780
7782
7785
7786
7787
7790
7792
7795
7797
7800
7800
7801
7803
7803
7806
7807
7810
7813
7813
7813
7814
7814
7817
7818
7819
7820
7822
7824
7826
7827
7829
7829
7832
7835
7836
7839
7842
7842
7844
7846
7847
7849
7853
7855
7857
7858
7860
7867
7868
7869
7870
7874
7876
7879
7883
7888
7888
7890
7891
7892
7895
7898
7900
7900
7901
7902
7902
7903
7906
7907
7908
7909
7909
7910
7912
7914
7915
7915
7915
7916
7916
7919
7921
7928
7936
7936
7937
7938
7942
7943
7945
7946
7946
7949
7949
7953
7954
7955
7958
7959
7961
7961
7962
7964
7965
7967
7970
7970
7970
7971
7982
7986
7989
7990
7991
7993
7997
7998
7999
7999
8002
8004
8007
8007
8008
8012
8012
8012
8017
8018
8019
8020
8024
8026
8028
8028
8029
8030
8030
8032
8032
8038
8040
8044
8044
8048
8049
8053
8055
8058
8061
8061
8061
8062
8063
8065
8067
8071
8076
8076
8077
8080
8080
8081
8084
8086
8088
8088
8088
8093
8094
8097
8097
8103
8103
8104
8106
8106
8107
8109
8110
8113
8115
8115
8117
8117
8126
8127
8128
8131
8133
8137
8137
8139
8139
8140
8142
8142
8144
8145
8146
8146
8147
8148
8150
8151
8155
8155
8156
8156
8158
8159
8159
8160
8161
8163
8167
8167
8169
8175
8176
8177
8177
8180
8181
8182
8182
8183
8184
8185
8189
8190
8194
8194
8195
8199
8200
8203
8204
8205
8207
8207
8213
8213
8219
8221
8221
8223
8223
8223
8226
8227
8230
8232
8234
8237
8239
8242
8242
8243
8244
8244
8247
8250
8251
8257
8257
8260
8263
8263
8267
8268
8268
8269
8272
8272
8277
8278
8279
8281
8282
8287
8288
8289
8293
8293
8293
8294
8297
8300
8300
8304
8305
8308
8311
8311
8316
8317
8318
8318
8319
8321
8322
8322
8322
8324
8327
8328
8330
8331
8334
8336
8337
8339
8339
8341
8348
8351
8353
8355
8361
8361
8366
8367
8374
8374
8376
8377
8379
8379
8379
8380
8381
8382
8384
8387
8389
8390
8396
8397
8397
8400
8404
8404
8406
8413
8414
8415
8417
8420
8421
8422
8426
8426
8427
8429
8429
8433
8435
8438
8439
8439
8440
8442
8444
8446
8446
8452
8454
8456
8457
8459
8460
8462
8462
8464
8465
8469
8470
8471
8473
8480
8480
8482
8484
8485
8486
8489
8492
8493
8499
8501
8503
8505
8506
8508
8508
8509
8509
8513
8515
8517
8519
8524
8524
8525
8526
8526
8527
8532
8532
8538
8545
8547
8550
8552
8553
8554
8557
8558
8559
8568
8570
8571
8573
8575
8581
8581
8581
8583
8584
8585
8588
8591
8591
8592
8594
8600
8602
8603
8604
8604
8607
8607
8610
8611
8615
8616
8617
8618
8620
8621
8623
8627
8627
8628
8630
8632
8632
8633
8634
8634
8636
8636
8639
8646
8646
8648
8652
8653
8654
8656
8661
8665
8666
8666
8667
8673
8679
8681
8681
8684
8685
8686
8687
8687
8688
8690
8692
8695
8699
8701
8703
8703
8703
8707
8708
8709
8709
8712
8714
8720
8723
8729
8729
8730
8731
8732
8736
8737
8740
8742
8747
8755
8756
8757
8758
8758
8759
8760
8760
8760
8761
8763
8771
8774
8777
8777
8788
8789
8793
8793
8794
8810
8810
8815
8816
8817
8818
8818
8827
8828
8830
8834
8834
8839
8841
8844
8846
8847
8847
8849
8854
8875
8876
8881
8884
8884
8885
8888
8895
8898
8903
8905
8906
8910
8913
8914
8916
8916
8918
8919
8925
8925
8930
8934
8936
8936
8937
8937
8942
8946
8946
8947
8947
8948
8948
8949
8951
8951
8952
8954
8955
8957
8958
8958
8962
8962
8963
8965
8965
8970
8972
8972
8975
8983
8989
8989
8989
8992
8993
8994
8998
9000
9001
9004
9010
9011
9011
9014
9014
9014
9017
9017
9019
9021
9023
9024
9026
9031
9031
9033
9034
9036
9037
9040
9044
9045
9047
9049
9051
9055
9056
9058
9059
9059
9063
9065
9066
9068
9069
9070
9073
9075
9076
9078
9078
9080
9081
9081
9082
9087
9092
9095
9097
9098
9099
9102
9104
9106
9109
9117
9117
9119
9119
9120
9121
9126
9130
9131
9135
9137
9139
9148
9152
9154
9154
9156
9157
9158
9164
9166
9167
9170
9172
9173
9174
9175
9176
9178
9180
9180
9181
9181
9181
9182
9183
9185
9185
9191
9202
9202
9205
9212
9222
9224
9226
9226
9227
9229
9230
9231
9233
9233
9234
9235
9242
9243
9244
9250
9250
9251
9252
9255
9256
9257
9257
9257
9258
9259
9259
9260
9261
9266
9268
9268
9269
9270
9270
9272
9273
9276
9279
9279
9283
9283
9286
9286
9287
9288
9289
9290
9292
9294
9298
9300
9300
9303
9305
9305
9310
9311
9316
9317
9319
9325
9325
9326
9326
9332
9333
9337
9340
9343
9347
9348
9349
9349
9350
9351
9353
9355
9356
9358
9359
9364
9364
9364
9369
9370
9372
9375
9375
9375
9377
9382
9382
9383
9387
9391
9392
9395
9397
9397
9401
9404
9411
9412
9412
9413
9418
9420
9421
9422
9439
9441
9441
9443
9444
9446
9452
9453
9455
9457
9462
9466
9467
9472
9473
9474
9476
9480
9480
9482
9485
9486
9489
9489
9490
9499
9500
9500
9503
9507
9507
9508
9510
9510
9516
9519
9524
9526
9526
9527
9527
9528
9529
9531
9535
9535
9539
9539
9539
9540
9542
9542
9543
9546
9553
9555
9558
9558
9563
9564
9566
9572
9572
9572
9573
9584
9586
9586
9594
9597
9601
9602
9603
9605
9608
9609
9609
9610
9610
9611
9613
9613
9617
9619
9619
9624
9624
9625
9625
9626
9628
9630
9633
9634
9635
9637
9639
9645
9645
9649
9649
9650
9655
9655
9657
9659
9659
9662
9664
9665
9666
9666
9668
9669
9669
9670
9677
9679
9681
9683
9683
9684
9688
9689
9691
9691
9693
9697
9698
9702
9705
9706
9709
9710
9711
9716
9719
9720
9721
9723
9723
9723
9724
9733
9733
9733
9734
9734
9739
9741
9742
9743
9745
9746
9748
9748
9751
9753
9754
9755
9761
9768
9769
9769
9772
9773
9774
9778
9779
9780
9781
9782
9782
9782
9782
9783
9786
9786
9787
9788
9791
9793
9797
9799
9800
9802
9802
9804
9805
9806
9809
9810
9811
9814
9815
9817
9821
9822
9824
9825
9825
9826
9826
9832
9833
9837
9838
9840
9842
9845
9845
9845
9845
9845
9846
9850
9851
9852
9854
9857
9858
9860
9862
9867
9868
9870
9871
9876
9879
9879
9880
9884
9885
9885
9887
9889
9889
9890
9900
9908
9911
9912
9913
9913
9918
9919
9920
9921
9923
9927
9933
9934
9942
9942
9944
9944
9945
9946
9950
9952
9956
9956
9963
9966
9969
9970
9970
9970
9971
9972
9975
9982
9982
9982
9984
9985
9987
9990
9990
10005
10007
10010
10012
10014
10016
10017
10022
10029
10031
10032
10032
10033
10035
10038
10038
10038
10040
10044
10044
10045
10052
10054
10055
10055
10057
10060
10064
10067
10068
10070
10077
10080
10083
10084
10088
10089
10096
10096
10097
10098
10100
10102
10105
10107
10110
10110
10117
10119
10119
10121
10126
10129
10130
10133
10133
10134
10136
10136
10137
10139
10141
10143
10144
10145
10146
10149
10152
10153
10156
10157
10162
10168
10171
10173
10174
10175
10176
10177
10181
10183
10183
10186
10186
10191
10197
10200
10202
10205
10205
10208
10209
10209
10211
10212
10215
10216
10216
10217
10221
10224
10225
10225
10226
10226
10228
10229
10233
10239
10241
10242
10250
10255
10255
10256
10256
10257
10262
10263
10264
10264
10266
10267
10268
10272
10272
10275
10276
10278
10281
10282
10282
10282
10283
10288
10288
10289
10292
10295
10297
10297
10298
10301
10307
10313
10313
10316
10324
10324
10324
10326
10327
10328
10331
10332
10334
10342
10344
10346
10346
10348
10348
10350
10352
10352
10356
10356
10360
10360
10363
10365
10365
10366
10367
10368
10370
10372
10373
10374
10375
10376
10377
10380
10382
10384
10388
10392
10393
10393
10398
10398
10399
10405
10413
10413
10415
10416
10417
10420
10421
10422
10422
10430
10431
10433
10434
10440
10440
10442
10442
10445
10445
10447
10448
10451
10457
10457
10458
10459
10461
10462
10466
10467
10467
10470
10473
10474
10475
10482
10485
10486
10486
10489
10489
10491
10491
10491
10494
10495
10496
10498
10499
10499
10500
10502
10502
10504
10504
10506
10511
10511
10513
10516
10522
10524
10525
10525
10529
10538
10539
10542
10544
10545
10546
10548
10554
10555
10556
10559
10559
10560
10563
10565
10566
10569
10570
10571
10571
10575
10578
10579
10581
10581
10583
10584
10584
10585
10585
10588
10590
10590
10590
10591
10593
10594
10595
10595
10595
10597
10600
10603
10603
10604
10614
10616
10617
10622
10624
10625
10631
10633
10637
10638
10639
10640
10644
10646
10648
10651
10652
10652
10653
10654
10655
10657
10661
10664
10669
10670
10671
10677
10678
10679
10681
10681
10685
10687
10688
10689
10689
10691
10692
10693
10695
10696
10698
10701
10701
10702
10702
10703
10705
10707
10708
10709
10709
10711
10711
10711
10711
10720
10721
10726
10727
10728
10731
10731
10731
10733
10734
10737
10738
10751
10753
10753
10753
10756
10757
10758
10759
10765
10765
10765
10766
10767
10770
10773
10773
10773
10776
10776
10777
10778
10778
10787
10788
10792
10795
10801
10805
10805
10806
10811
10811
10814
10815
10820
10821
10822
10822
10826
10827
10828
10828
10831
10834
10835
10837
10837
10838
10839
10843
10846
10846
10846
10849
10855
10857
10859
10861
10863
10866
10869
10870
10874
10876
10877
10877
10878
10879
10880
10882
10887
10888
10889
10892
10892
10893
10895
10895
10896
10898
10900
10901
10901
10901
10901
10908
10908
10914
10917
10920
10922
10926
10926
10929
10931
10932
10936
10941
10941
10942
10945
10946
10947
10955
10957
10957
10958
10959
10959
10960
10966
10967
10968
10969
10970
10973
10974
10975
10976
10979
10983
10984
10985
10986
10986
10991
10992
10995
10998
11007
11009
11011
11011
11012
11012
11013
11014
11015
11015
11016
11017
11018
11019
11020
11024
11027
11027
11028
11028
11030
11032
11033
11035
11037
11040
11041
11042
11044
11046
11047
11047
11048
11048
11048
11050
11051
11053
11054
11054
11055
11057
11058
11060
11061
11062
11066
11066
11067
11072
11074
11075
11079
11079
11080
11084
11085
11086
11086
11087
11087
11089
11091
11094
11095
11097
11099
11100
11102
11102
11104
11106
11109
11111
11111
11111
11114
11115
11115
11117
11118
11120
11122
11122
11122
11122
11124
11124
11130
11133
11134
11135
11136
11140
11141
11142
11145
11148
11148
11149
11154
11156
11156
11158
11159
11163
11168
11169
11172
11172
11173
11177
11182
11182
11182
11188
11189
11195
11195
11196
11200
11203
11203
11208
11210
11211
11216
11216
11217
11218
11218
11224
11228
11229
11230
11231
11231
11232
11232
11233
11237
11238
11243
11248
11248
11250
11254
11256
11256
11258
11261
11261
11262
11275
11277
11278
11279
11282
11284
11286
11291
11294
11294
11294
11296
11296
11296
11297
11297
11299
11301
11304
11304
11310
11311
11312
11313
11314
11316
11317
11319
11321
11321
11324
11325
11330
11330
11333
11334
11338
11338
11344
11345
11345
11348
11349
11352
11357
11362
11363
11372
11377
11380
11381
11382
11385
11387
11387
11390
11394
11397
11397
11398
11400
11408
11409
11410
11412
11413
11413
11414
11414
11415
11415
11417
11422
11427
11427
11429
11431
11432
11434
11442
11445
11446
11446
11446
11451
11451
11454
11455
11458
11460
11465
11465
11466
11468
11470
11471
11472
11474
11478
11479
11479
11485
11487
11489
11490
11491
11492
11498
11499
11500
11502
11502
11504
11504
11505
11507
11511
11512
11514
11515
11517
11525
11525
11525
11527
11527
11530
11531
11535
11541
11542
11543
11543
11545
11546
11546
11548
11548
11549
11550
11553
11556
11556
11557
11558
11559
11560
11565
11565
11567
11570
11578
11579
11579
11580
11584
11588
11588
11589
11591
11591
11594
11595
11597
11598
11598
11600
11601
11602
11607
11607
11609
11610
11612
11617
11617
11622
11623
11625
11626
11627
11629
11629
11631
11633
11635
11638
11641
11642
11642
11642
11643
11647
11648
11648
11649
11654
11658
11661
11664
11666
11671
11677
11678
11679
11680
11681
11684
11685
11686
11686
11686
11689
11690
11691
11700
11700
11702
11702
11705
11708
11708
11710
11712
11718
11721
11724
11725
11725
11726
11727
11731
11732
11734
11735
11735
11735
11737
11738
11739
11741
11742
11744
11744
11744
11746
11751
11751
11753
11754
11758
11758
11759
11762
11763
11765
11767
11768
11768
11771
11772
11773
11774
11781
11781
11781
11783
11784
11785
11786
11786
11787
11787
11788
11789
11790
11793
11795
11796
11796
11796
11801
11801
11805
11806
11808
11812
11813
11813
11813
11815
11817
11817
11820
11821
11821
11822
11829
11830
11833
11835
11840
11840
11841
11844
11844
11847
11847
11853
11853
11858
11861
11863
11865
11867
11868
11868
11868
11871
11872
11877
11877
11877
11878
11879
11883
11884
11885
11886
11887
11889
11891
11894
11897
11899
11901
11903
11903
11907
11908
11912
11913
11915
11915
11919
11919
11920
11920
11921
11922
11923
11927
11927
11928
11931
11932
11932
11932
11934
11934
11937
11937
11938
11940
11942
11945
11948
11953
11955
11958
11960
11961
11966
11971
11977
11978
11979
11984
11984
11986
11991
11996
11999
11999
11999
12005
12005
12006
12008
12009
12009
12010
12010
12011
12012
12014
12015
12015
12019
12023
12025
12030
12030
12032
12037
12044
12048
12051
12052
12053
12055
12057
12057
12058
12059
12060
12060
12061
12061
12062
12063
12066
12068
12069
12071
12075
12075
12077
12079
12080
12081
12089
12090
12091
12094
12099
12101
12105
12108
12109
12109
12111
12112
12113
12118
12119
12122
12123
12124
12128
12130
12141
12141
12142
12145
12147
12148
12151
12152
12153
12154
12155
12159
12160
12162
12163
12164
12164
12165
12170
12171
12177
12177
12178
12181
12182
12184
12186
12187
12188
12189
12190
12190
12195
12196
12199
12199
12200
12203
12205
12206
12207
12210
12212
12215
12217
12218
12219
12220
12222
12223
12224
12228
12233
12236
12236
12237
12239
12243
12244
12244
12245
12247
12247
12251
12254
12262
12266
12267
12268
12268
12269
12272
12273
12273
12274
12274
12279
12280
12282
12282
12284
12284
12284
12286
12286
12289
12291
12292
12294
12295
12298
12300
12300
12302
12304
12307
12308
12308
12309
12310
12312
12313
12318
12318
12319
12320
12322
12324
12328
12330
12335
12341
12342
12342
12345
12346
12346
12353
12361
12363
12366
12369
12371
12372
12372
12374
12376
12377
12378
12379
12380
12381
12384
12386
12388
12389
12390
12391
12392
12392
12392
12396
12398
12399
12401
12405
12406
12408
12414
12423
12425
12425
12429
12429
12430
12435
12437
12447
12448
12450
12450
12454
12457
12460
12461
12462
12463
12464
12464
12465
12465
12471
12474
12474
12477
12477
12478
12479
12480
12481
12483
12483
12484
12485
12487
12499
12499
12501
12506
12506
12507
12513
12513
12515
12519
12526
12527
12533
12533
12533
12536
12537
12541
12543
12544
12548
12552
12553
12557
12559
12561
12562
12563
12565
12566
12567
12571
12571
12572
12574
12574
12574
12576
12577
12578
12579
12586
12587
12588
12593
12594
12595
12595
12595
12596
12599
12600
12601
12603
12603
12605
12605
12605
12607
12611
12615
12615
12621
12622
12622
12623
12626
12626
12631
12632
12637
12638
12638
12643
12644
12645
12647
12648
12649
12649
12649
12650
12653
12654
12655
12656
12660
12668
12676
12679
12680
12680
12681
12685
12685
12687
12690
12694
12695
12695
12695
12697
12697
12704
12706
12707
12709
12716
12718
12718
12720
12721
12721
12722
12727
12727
12729
12734
12736
12738
12739
12740
12742
12747
12750
12751
12753
12755
12760
12761
12765
12769
12770
12773
12774
12775
12778
12789
12792
12792
12792
12795
12796
12798
12801
12802
12808
12822
12824
12826
12826
12830
12832
12833
12834
12838
12838
12838
12843
12846
12849
12849
12849
12854
12855
12863
12863
12866
12867
12873
12873
12878
12880
12880
12880
12881
12881
12882
12882
12890
12891
12893
12896
12897
12898
12899
12904
12905
12905
12906
12908
12909
12910
12912
12916
12916
12920
12922
12927
12928
12930
12932
12932
12932
12936
12936
12937
12939
12939
12941
12941
12941
12942
12943
12944
12945
12946
12948
12948
12948
12952
12953
12955
12958
12958
12960
12963
12967
12971
12977
12977
12979
12983
12984
12984
12986
12989
12996
12996
12996
13002
13007
13008
13009
13011
13015
13019
13020
13021
13022
13025
13026
13029
13034
13035
13039
13041
13049
13049
13054
13054
13059
13061
13066
13066
13070
13071
13071
13071
13072
13073
13074
13077
13078
13078
13080
13080
13080
13083
13086
13089
13090
13091
13091
13092
13095
13103
13105
13106
13107
13109
13109
13111
13115
13115
13116
13117
13120
13121
13123
13124
13125
13126
13128
13132
13132
13139
13142
13147
13147
13148
13150
13151
13152
13154
13155
13155
13155
13156
13158
13164
13165
13165
13165
13166
13166
13166
13168
13169
13170
13181
13184
13191
13191
13192
13192
13195
13196
13199
13200
13200
13200
13201
13202
13203
13204
13204
13214
13215
13215
13215
13217
13218
13218
13222
13222
13222
13223
13233
13235
13236
13237
13240
13240
13241
13250
13251
13252
13256
13256
13258
13261
13263
13266
13272
13273
13275
13281
13285
13285
13288
13291
13296
13302
13307
13307
13308
13308
13310
13310
13310
13314
13315
13315
13322
13323
13326
13327
13328
13329
13337
13338
13340
13343
13345
13351
13352
13355
13356
13357
13360
13361
13364
13366
13374
13374
13374
13378
13381
13382
13383
13383
13384
13387
13391
13391
13392
13393
13398
13399
13400
13401
13404
13408
13409
13409
13410
13411
13412
13413
13413
13416
13419
13419
13422
13423
13430
13432
13434
13435
13438
13440
13441
13442
13442
13443
13443
13444
13447
13449
13453
13453
13454
13456
13459
13459
13461
13463
13465
13466
13474
13475
13476
13478
13479
13480
13481
13481
13482
13485
13486
13487
13490
13491
13492
13493
13494
13494
13495
13499
13506
13509
13511
13513
13517
13529
13529
13529
13532
13538
13539
13542
13542
13543
13543
13547
13547
13550
13553
13554
13554
13556
13560
13562
13562
13563
13564
13569
13571
13574
13579
13580
13583
13585
13586
13588
13589
13590
13590
13593
13594
13598
13599
13601
13601
13606
13607
13609
13618
13619
13621
13623
13630
13635
13642
13644
13645
13648
13653
13654
13657
13659
13660
13662
13663
13664
13664
13666
13666
13667
13669
13669
13673
13674
13675
13680
13687
13689
13689
13689
13696
13698
13698
13701
13703
13703
13704
13705
13710
13711
13714
13716
13716
13716
13722
13723
13723
13724
13726
13727
13727
13729
13733
13734
13737
13738
13742
13743
13746
13746
13747
13747
13750
13750
13757
13758
13763
13764
13765
13766
13771
13773
13775
13778
13790
13792
13795
13797
13799
13802
13802
13802
13803
13804
13811
13813
13814
13816
13817
13817
13819
13822
13823
13823
13825
13829
13835
13841
13842
13846
13846
13847
13847
13847
13848
13851
13854
13859
13861
13863
13864
13866
13867
13867
13869
13871
13871
13874
13880
13881
13884
13886
13886
13889
13889
13889
13890
13891
13892
13896
13897
13902
13903
13905
13907
13908
13910
13915
13917
13926
13927
13928
13930
13930
13931
13935
13935
13936
13943
13944
13947
13950
13952
13953
13954
13955
13955
13958
13959
13959
13962
13962
13962
13964
13966
13968
13968
13971
13972
13976
13980
13983
13983
13985
13988
13990
13990
13991
13992
14000
14001
14001
14002
14002
14003
14003
14004
14005
14005
14006
14006
14009
14009
14010
14011
14011
14012
14013
14014
14018
14021
14021
14022
14026
14040
14041
14041
14041
14045
14046
14050
14051
14055
14056
14056
14058
14059
14063
14064
14067
14067
14070
14071
14076
14076
14078
14078
14079
14079
14080
14081
14081
14083
14085
14086
14088
14091
14092
14093
14094
14095
14097
14098
14099
14100
14100
14104
14106
14107
14110
14110
14114
14115
14119
14121
14122
14123
14124
14127
14127
14128
14129
14130
14130
14130
14131
14132
14134
14140
14146
14147
14148
14150
14152
14154
14154
14154
14155
14159
14162
14162
14165
14172
14176
14178
14181
14181
14182
14182
14183
14184
14184
14185
14186
14187
14187
14190
14190
14199
14201
14204
14208
14209
14214
14215
14216
14216
14216
14222
14222
14223
14224
14226
14226
14231
14231
14232
14232
14232
14234
14240
14241
14245
14245
14245
14246
14248
14248
14248
14248
14250
14254
14258
14263
14264
14265
14269
14272
14272
14272
14275
14279
14281
14283
14290
14290
14291
14292
14295
14295
14297
14301
14304
14306
14314
14314
14319
14320
14321
14323
14323
14324
14328
14339
14340
14343
14346
14351
14351
14352
14354
14359
14362
14365
14366
14366
14368
14368
14368
14369
14369
14375
14375
14378
14379
14383
14384
14384
14385
14391
14391
14393
14394
14395
14397
14398
14400
14403
14405
14406
14406
14412
14414
14415
14417
14417
14418
14420
14421
14422
14422
14422
14424
14426
14431
14431
14433
14433
14437
14438
14440
14441
14441
14442
14443
14446
14449
14449
14449
14450
14453
14457
14461
14461
14463
14465
14468
14469
14469
14469
14471
14477
14480
14481
14481
14482
14482
14486
14486
14488
14493
14493
14494
14495
14497
14499
14500
14501
14502
14502
14504
14508
14519
14521
14522
14523
14524
14525
14527
14527
14528
14530
14532
14532
14533
14535
14535
14539
14539
14540
14542
14545
14545
14547
14551
14552
14554
14556
14556
14557
14558
14560
14561
14563
14565
14566
14567
14568
14570
14572
14573
14574
14575
14575
14575
14578
14580
14580
14580
14581
14584
14584
14586
14591
14593
14593
14594
14595
14595
14600
14600
14601
14601
14603
14604
14605
14608
14608
14613
14613
14614
14614
14615
14615
14618
14621
14625
14626
14628
14631
14638
14640
14641
14643
14648
14650
14653
14654
14659
14659
14660
14662
14663
14667
14667
14668
14677
14678
14680
14681
14681
14682
14682
14683
14683
14684
14687
14692
14692
14693
14697
14698
14699
14701
14704
14704
14706
14714
14715
14715
14719
14719
14722
14723
14724
14726
14726
14732
14733
14733
14733
14734
14734
14737
14739
14741
14742
14742
14744
14746
14750
14752
14752
14753
14754
14758
14758
14759
14759
14762
14762
14762
14762
14762
14763
14765
14765
14768
14771
14772
14774
14778
14780
14782
14782
14784
14786
14788
14788
14790
14791
14791
14791
14791
14793
14793
14794
14798
14802
14802
14804
14808
14810
14813
14819
14820
14827
14837
14838
14838
14838
14838
14839
14842
14843
14843
14846
14850
14850
14856
14857
14860
14860
14865
14867
14867
14868
14869
14873
14875
14876
14877
14882
14882
14883
14885
14888
14889
14891
14903
14903
14904
14904
14908
14909
14910
14912
14913
14917
14917
14917
14918
14920
14921
14922
14927
14943
14943
14944
14946
14948
14952
14955
14956
14958
14958
14960
14963
14964
14966
14972
14972
14975
14975
14976
14977
14995
15000
15001
15005
15009
15013
15013
15016
15019
15022
15023
15028
15029
15030
15031
15032
15036
15044
15047
15049
15049
15051
15051
15052
15057
15057
15060
15062
15065
15068
15069
15070
15072
15073
15073
15076
15078
15079
15081
15081
15082
15082
15089
15091
15091
15093
15096
15099
15100
15103
15103
15103
15104
15106
15110
15110
15112
15113
15115
15116
15116
15118
15118
15120
15122
15125
15127
15127
15127
15130
15132
15133
15134
15135
15136
15138
15139
15143
15146
15146
15149
15152
15155
15156
15157
15163
15167
15169
15170
15171
15172
15172
15173
15173
15174
15175
15176
15177
15178
15180
15181
15182
15182
15183
15183
15185
15187
15188
15190
15190
15199
15201
15204
15204
15208
15209
15210
15211
15212
15213
15214
15216
15217
15218
15220
15222
15224
15227
15228
15233
15234
15236
15238
15238
15240
15243
15244
15245
15248
15252
15253
15253
15255
15257
15258
15259
15263
15266
15268
15270
15277
15279
15287
15290
15291
15292
15293
15294
15296
15296
15303
15306
15307
15308
15309
15309
15309
15310
15314
15315
15316
15317
15317
15319
15321
15324
15324
15328
15331
15331
15331
15335
15336
15338
15339
15340
15343
15345
15345
15346
15346
15350
15352
15358
15361
15362
15364
15365
15365
15365
15366
15370
15372
15373
15373
15374
15374
15376
15379
15380
15380
15381
15384
15385
15385
15385
15387
15388
15389
15391
15396
15396
15401
15404
15407
15407
15408
15409
15409
15411
15419
15424
15425
15425
15426
15427
15428
15431
15436
15439
15439
15442
15444
15449
15452
15457
15460
15461
15466
15471
15471
15472
15473
15475
15479
15480
15481
15484
15487
15488
15489
15492
15496
15498
15499
15500
15500
15502
15507
15508
15511
15512
15512
15517
15518
15519
15522
15522
15525
15526
15529
15534
15534
15535
15541
15542
15543
15545
15547
15548
15549
15554
15555
15558
15560
15560
15566
15566
15566
15567
15572
15574
15579
15584
15584
15588
15588
15588
15588
15589
15593
15598
15599
15604
15605
15606
15606
15607
15612
15615
15617
15623
15626
15629
15631
15637
15637
15638
15639
15641
15641
15642
15648
15648
15652
15653
15656
15660
15666
15670
15671
15672
15672
15673
15677
15682
15683
15691
15692
15692
15694
15694
15699
15700
15701
15703
15704
15704
15706
15707
15709
15712
15715
15716
15716
15717
15717
15718
15721
15726
15730
15731
15735
15738
15741
15742
15742
15744
15744
15748
15751
15751
15752
15753
15754
15755
15763
15769
15771
15772
15775
15778
15778
15779
15781
15781
15783
15783
15784
15784
15784
15785
15789
15793
15793
15794
15794
15801
15803
15805
15806
15809
15809
15809
15812
15812
15820
15821
15824
15825
15825
15825
15825
15825
15830
15831
15833
15834
15836
15838
15838
15840
15841
15843
15849
15854
15856
15861
15864
15867
15869
15869
15871
15871
15872
15874
15874
15875
15878
15880
15883
15883
15887
15888
15891
15891
15894
15897
15898
15903
15903
15906
15909
15912
15912
15913
15916
15916
15917
15917
15919
15920
15934
15935
15936
15937
15941
15941
15941
15943
15947
15949
15949
15953
15953
15959
15962
15962
15962
15965
15965
15975
15977
15977
15980
15982
15982
15986
15986
15988
15991
15994
15995
15996
15997
16000
16000
16002
16002
16012
16012
16015
16018
16022
16025
16026
16026
16028
16029
16030
16032
16034
16035
16035
16042
16045
16047
16048
16048
16049
16050
16051
16052
16053
16053
16053
16054
16056
16057
16057
16059
16060
16062
16063
16063
16066
16068
16068
16072
16075
16079
16083
16084
16086
16088
16092
16092
16095
16098
16099
16102
16102
16103
16104
16112
16113
16115
16117
16119
16120
16120
16121
16121
16124
16126
16126
16127
16131
16131
16131
16134
16135
16137
16137
16142
16143
16144
16148
16157
16158
16159
16160
16160
16160
16162
16162
16166
16167
16168
16169
16171
16172
16177
16180
16185
16188
16194
16195
16196
16196
16196
16197
16198
16199
16203
16204
16204
16208
16209
16209
16213
16214
16217
16219
16219
16221
16224
16227
16231
16235
16239
16239
16239
16245
16247
16247
16248
16249
16250
16259
16259
16259
16260
16260
16261
16262
16265
16265
16268
16274
16275
16277
16279
16281
16284
16285
16288
16288
16291
16291
16295
16299
16306
16306
16308
16308
16309
16311
16312
16313
16315
16315
16317
16317
16321
16321
16323
16325
16327
16329
16330
16334
16336
16337
16340
16340
16341
16344
16346
16349
16355
16355
16358
16367
16369
16371
16372
16373
16374
16374
16377
16377
16379
16381
16386
16387
16391
16394
16395
16396
16398
16398
16404
16406
16408
16409
16409
16409
16411
16413
16413
16416
16416
16419
16421
16424
16428
16431
16431
16434
16443
16445
16446
16447
16448
16448
16449
16454
16457
16459
16460
16464
16465
16468
16470
16472
16474
16477
16484
16485
16488
16489
16490
16491
16492
16492
16493
16493
16496
16502
16502
16509
16510
16513
16514
16514
16514
16515
16515
16519
16519
16524
16525
16526
16528
16530
16531
16534
16535
16536
16542
16543
16543
16552
16553
16557
16558
16559
16561
16564
16565
16576
16582
16589
16590
16591
16593
16594
16594
16598
16600
16606
16606
16609
16611
16614
16614
16615
16617
16618
16619
16620
16620
16621
16623
16624
16628
16630
16632
16633
16638
16639
16646
16652
16659
16663
16664
16668
16670
16671
16673
16676
16677
16678
16681
16685
16686
16688
16689
16691
16698
16700
16701
16701
16702
16704
16706
16709
16717
16718
16719
16720
16725
16726
16729
16733
16737
16740
16740
16741
16750
16751
16752
16754
16755
16758
16758
16760
16765
16767
16769
16771
16774
16777
16779
16781
16785
16788
16790
16792
16796
16797
16800
16800
16800
16801
16803
16803
16804
16806
16811
16814
16815
16818
16818
16819
16819
16821
16822
16822
16822
16827
16829
16832
16832
16833
16835
16837
16838
16840
16842
16843
16844
16844
16845
16846
16848
16854
16855
16855
16857
16858
16860
16862
16865
16865
16870
16873
16875
16878
16878
16882
16887
16887
16887
16889
16892
16892
16894
16896
16899
16903
16909
16913
16914
16915
16924
16926
16928
16931
16933
16933
16933
16933
16941
16942
16944
16947
16947
16949
16949
16953
16953
16955
16957
16958
16964
16971
16972
16980
16981
16983
16984
16987
16987
16995
16998
16999
16999
16999
17005
17006
17009
17010
17011
17012
17014
17017
17019
17020
17020
17021
17023
17030
17031
17040
17040
17040
17042
17044
17046
17051
17053
17057
17059
17065
17065
17065
17066
17068
17072
17075
17077
17077
17078
17080
17080
17085
17088
17089
17092
17097
17097
17098
17101
17101
17102
17104
17111
17112
17117
17120
17120
17121
17121
17123
17125
17126
17126
17127
17131
17132
17138
17139
17142
17148
17154
17157
17159
17162
17163
17164
17165
17166
17166
17169
17169
17172
17172
17175
17175
17175
17180
17181
17184
17186
17187
17191
17193
17193
17194
17194
17203
17206
17206
17208
17209
17210
17210
17211
17214
17215
17216
17216
17221
17222
17223
17226
17226
17226
17229
17231
17231
17232
17232
17233
17234
17234
17235
17235
17236
17240
17247
17249
17253
17257
17266
17268
17274
17274
17274
17275
17276
17279
17280
17281
17282
17283
17285
17285
17288
17289
17289
17289
17290
17291
17291
17291
17293
17296
17297
17306
17306
17308
17309
17310
17313
17319
17321
17324
17326
17326
17329
17331
17335
17335
17336
17340
17341
17345
17345
17347
17347
17351
17351
17356
17357
17358
17361
17361
17362
17364
17366
17367
17367
17368
17370
17374
17374
17377
17378
17379
17381
17384
17384
17385
17385
17388
17389
17394
17396
17396
17397
17400
17403
17413
17414
17415
17416
17416
17416
17416
17419
17424
17428
17429
17430
17433
17439
17440
17447
17449
17449
17451
17455
17459
17461
17462
17463
17464
17464
17465
17469
17470
17470
17472
17475
17477
17479
17482
17484
17486
17487
17487
17488
17491
17492
17494
17495
17497
17499
17501
17501
17507
17510
17511
17512
17515
17515
17517
17517
17517
17525
17525
17527
17530
17533
17535
17536
17536
17537
17538
17541
17541
17544
17546
17550
17552
17554
17557
17558
17558
17561
17561
17562
17564
17567
17568
17570
17573
17574
17577
17577
17579
17581
17583
17584
17588
17590
17593
17594
17598
17598
17608
17608
17612
17612
17613
17615
17619
17620
17621
17622
17623
17628
17628
17640
17642
17642
17642
17643
17645
17646
17647
17648
17652
17654
17655
17655
17657
17663
17665
17667
17667
17669
17669
17673
17673
17678
17685
17685
17687
17693
17694
17695
17696
17699
17700
17704
17704
17707
17711
17711
17725
17727
17728
17729
17732
17733
17735
17740
17741
17748
17748
17748
17749
17753
17757
17759
17761
17770
17770
17775
17777
17777
17781
17786
17788
17793
17793
17793
17794
17797
17797
17801
17803
17804
17806
17812
17813
17821
17821
17825
17828
17829
17830
17833
17833
17834
17834
17835
17837
17837
17838
17841
17842
17847
17849
17850
17852
17853
17853
17854
17854
17855
17857
17859
17859
17862
17862
17864
17865
17869
17869
17870
17874
17874
17875
17883
17886
17886
17889
17889
17891
17891
17892
17893
17894
17895
17897
17898
17898
17899
17902
17902
17904
17905
17906
17908
17910
17912
17915
17916
17916
17918
17929
17933
17936
17937
17938
17940
17945
17945
17947
17952
17952
17953
17954
17958
17962
17963
17964
17970
17971
17972
17975
17975
17977
17979
17982
17984
17984
17987
17988
17989
17991
17991
17992
17992
17997
17998
17999
18000
18005
18007
18010
18011
18017
18018
18019
18021
18022
18026
18026
18026
18031
18032
18034
18035
18037
18038
18039
18040
18041
18046
18046
18047
18048
18049
18054
18054
18055
18057
18059
18067
18068
18072
18072
18075
18077
18078
18078
18078
18080
18081
18082
18083
18085
18085
18086
18087
18088
18090
18096
18097
18098
18099
18104
18107
18108
18110
18114
18114
18116
18122
18123
18125
18127
18129
18134
18136
18136
18142
18142
18148
18152
18153
18154
18154
18165
18166
18169
18169
18169
18170
18170
18171
18176
18180
18180
18181
18184
18186
18191
18193
18194
18196
18197
18198
18210
18211
18215
18218
18220
18221
18222
18223
18228
18234
18236
18236
18238
18240
18245
18246
18247
18247
18248
18250
18252
18253
18253
18254
18255
18257
18259
18262
18263
18264
18267
18268
18274
18277
18279
18279
18280
18286
18291
18292
18296
18297
18298
18298
18304
18305
18307
18308
18308
18309
18310
18311
18318
18320
18323
18324
18325
18329
18333
18337
18338
18347
18350
18350
18351
18352
18355
18356
18356
18359
18361
18361
18363
18373
18379
18380
18381
18383
18384
18385
18385
18386
18391
18392
18395
18395
18396
18403
18403
18403
18405
18406
18408
18409
18411
18411
18411
18412
18412
18413
18414
18419
18422
18422
18427
18428
18430
18430
18434
18435
18440
18443
18445
18445
18445
18445
18451
18455
18457
18459
18463
18464
18468
18469
18471
18473
18477
18478
18479
18482
18482
18483
18483
18485
18486
18486
18488
18490
18490
18493
18494
18494
18495
18498
18502
18504
18504
18506
18511
18513
18514
18515
18515
18516
18517
18520
18520
18522
18522
18525
18526
18529
18529
18531
18532
18533
18546
18546
18546
18548
18551
18553
18555
18555
18561
18562
18562
18562
18567
18567
18567
18569
18569
18570
18573
18575
18575
18583
18584
18593
18599
18601
18601
18606
18608
18608
18613
18613
18614
18616
18620
18621
18624
18624
18625
18631
18632
18633
18634
18636
18640
18640
18642
18643
18644
18645
18645
18655
18662
18665
18670
18671
18672
18674
18674
18675
18676
18676
18677
18679
18680
18682
18684
18684
18685
18688
18688
18692
18692
18696
18700
18703
18703
18704
18705
18706
18707
18709
18709
18710
18711
18717
18719
18720
18721
18722
18728
18735
18737
18738
18739
18743
18743
18746
18749
18750
18752
18754
18754
18756
18759
18763
18763
18765
18767
18771
18773
18774
18778
18778
18778
18779
18784
18784
18785
18793
18793
18797
18797
18802
18806
18806
18807
18811
18811
18812
18813
18814
18816
18817
18819
18820
18822
18825
18827
18831
18832
18833
18833
18839
18840
18840
18842
18843
18846
18846
18848
18849
18849
18853
18855
18858
18859
18862
18866
18866
18867
18868
18871
18873
18874
18875
18882
18884
18890
18890
18890
18890
18892
18893
18898
18899
18900
18900
18902
18902
18904
18904
18906
18906
18907
18907
18909
18912
18915
18916
18920
18921
18921
18922
18923
18924
18925
18926
18927
18929
18930
18932
18934
18935
18936
18937
18940
18941
18945
18945
18946
18948
18948
18957
18962
18964
18971
18972
18973
18974
18975
18975
18977
18980
18980
18981
18984
18985
18986
18987
18989
18994
18994
18997
18999
19002
19002
19002
19002
19003
19006
19007
19011
19015
19016
19017
19018
19019
19020
19021
19022
19024
19024
19027
19037
19040
19042
19043
19044
19045
19048
19049
19050
19051
19052
19052
19053
19068
19069
19069
19070
19070
19071
19073
19080
19080
19082
19083
19088
19091
19092
19093
19097
19099
19100
19101
19107
19108
19108
19108
19110
19111
19117
19119
19121
19121
19128
19129
19131
19132
19132
19134
19134
19136
19138
19138
19140
19145
19146
19147
19154
19155
19157
19160
19161
19162
19165
19165
19166
19167
19169
19171
19173
19176
19176
19183
19183
19184
19184
19186
19188
19190
19190
19193
19194
19197
19198
19199
19202
19206
19207
19207
19207
19209
19210
19210
19210
19213
19220
19222
19224
19225
19226
19228
19228
19230
19232
19232
19232
19233
19233
19238
19241
19242
19243
19246
19247
19250
19260
19260
19261
19262
19264
19264
19267
19269
19273
19273
19273
19275
19279
19280
19280
19281
19284
19285
19285
19286
19288
19288
19290
19291
19292
19294
19296
19296
19305
19305
19307
19309
19313
19314
19314
19317
19319
19323
19323
19329
19331
19338
19342
19345
19345
19346
19347
19348
19348
19349
19352
19353
19355
19360
19368
19369
19371
19373
19373
19375
19381
19381
19382
19383
19384
19384
19385
19390
19390
19390
19394
19394
19395
19397
19400
19403
19406
19407
19408
19409
19423
19435
19437
19439
19441
19443
19445
19447
19447
19449
19449
19450
19451
19457
19461
19467
19468
19470
19472
19474
19479
19481
19484
19484
19486
19486
19488
19488
19488
19489
19489
19490
19491
19494
19494
19497
19497
19498
19500
19500
19502
19508
19509
19516
19519
19520
19520
19520
19522
19523
19524
19524
19526
19543
19545
19550
19551
19552
19553
19553
19554
19555
19558
19560
19562
19562
19566
19567
19568
19570
19571
19572
19573
19573
19575
19579
19581
19582
19592
19593
19593
19596
19596
19599
19600
19601
19602
19604
19604
19605
19607
19607
19607
19610
19610
19610
19610
19612
19614
19617
19621
19625
19627
19627
19628
19631
19632
19633
19634
19635
19635
19640
19642
19643
19643
19645
19646
19646
19647
19647
19647
19650
19653
19653
19654
19659
19666
19668
19670
19673
19675
19679
19681
19682
19682
19687
19690
19691
19691
19692
19697
19699
19701
19701
19702
19703
19704
19705
19718
19720
19721
19726
19726
19727
19728
19729
19730
19734
19735
19737
19740
19742
19746
19746
19748
19750
19752
19752
19754
19757
19760
19760
19764
19769
19769
19774
19774
19776
19778
19785
19786
19789
19792
19793
19795
19795
19797
19800
19801
19805
19806
19807
19810
19811
19811
19811
19812
19813
19814
19814
19816
19817
19820
19820
19828
19833
19834
19836
19837
19839
19841
19842
19843
19846
19854
19855
19856
19858
19860
19869
19869
19870
19873
19878
19879
19882
19883
19885
19889
19895
19897
19900
19901
19902
19903
19904
19906
19906
19906
19912
19913
19915
19919
19922
19924
19928
19928
19929
19930
19930
19931
19931
19932
19935
19939
19939
19940
19943
19953
19956
19956
19958
19959
19962
19963
19965
19969
19969
19972
19977
19978
19983
19985
19986
19988
19992
19992
19994
19994
19995
19995
19996
19997
19997
20002
